	sulfur	carbon	oxygen	iron	nitrogen
GCF_000024605.1	0.78	0.16	0.15	0.43	0.37
GCF_000025285.1	0.75	0.29	0.14	0.07	0.3
GCF_000018425.1	0.75	0.2	0.45	0.14	0.46
GCF_000020645.1	0.74	0.14	0.52	0.62	0.55
GCF_000020545.1	0.73	0.11	0.52	0.72	0.56
GCF_000012585.1	0.73	0.09	0.51	0.71	0.57
GCF_000012745.1	0.72	0.07	0.44	0.38	0.66
GCF_000024325.1	0.72	0.11	0.26	0.48	0.42
GCF_000012665.1	0.72	0.08	0.38	0.54	0.39
GCF_000015485.1	0.71	0.1	0.55	0.66	0.53
GCF_000006985.1	0.71	0.11	0.44	0.35	0.55
GCF_000801295.1	0.7	0.08	0.28	0.77	0.66
GCF_000021385.1	0.69	0.11	0.59	0.58	0.57
GCF_000022125.1	0.69	0.07	0.16	0.47	0.43
GCF_001553605.1	0.68	0.1	0.16	0.62	0.41
GCF_000195295.1	0.68	0.17	0.3	0.39	0.5
GCF_000023445.1	0.68	0.11	0.45	0.36	0.52
GCF_000194625.1	0.68	0.35	0.26	0.35	0.43
GCF_000217795.1	0.68	0.24	0.43	0.52	0.5
GCF_000321415.2	0.68	0.06	0.27	0.81	0.74
GCF_000020985.1	0.67	0.16	0.33	0.63	0.53
GCF_000215975.1	0.67	0.15	0.21	0.42	0.41
GCF_000214435.1	0.67	0.14	0.43	0.45	0.51
GCF_000025485.1	0.67	0.14	0.54	0.76	0.67
GCF_000297055.2	0.67	0.09	0.35	0.78	0.66
GCF_000227745.2	0.66	0.13	0.47	0.87	0.7
GCF_000092205.1	0.66	0.16	0.38	0.45	0.6
GCF_000307105.1	0.66	0.17	0.15	0.54	0.52
GCF_000734015.1	0.66	0.16	0.2	0.53	0.46
GCF_000023225.1	0.66	0.15	0.56	0.75	0.62
GCF_000212675.2	0.65	0.17	0.52	0.55	0.62
GCF_000014965.1	0.65	0.17	0.4	0.68	0.6
GCF_000828835.1	0.64	0.17	0.51	0.71	0.77
GCF_000010665.1	0.64	0.12	0.43	0.53	0.59
GCF_000227685.2	0.64	0.05	0.32	0.75	0.73
GCF_000008665.1	0.64	0.4	0.3	0.45	0.45
GCF_000341395.1	0.64	0.19	0.39	0.6	0.6
GCF_000215085.1	0.64	0.16	0.41	0.29	0.54
GCF_000010785.1	0.63	0.1	0.66	0.46	0.68
GCF_000025945.1	0.63	0.11	0.1	0.49	0.5
GCF_000148385.1	0.63	0.06	0.15	0.25	0.43
GCF_001007875.1	0.63	0.24	0.51	0.85	0.72
GCF_000021985.1	0.63	0.07	0.38	0.68	0.66
GCF_000212395.1	0.63	0.12	0.43	0.07	0.52
GCF_000176915.2	0.62	0.14	0.38	0.42	0.48
GCF_001293165.1	0.62	0.05	0.3	0.66	0.6
GCF_000253055.1	0.62	0.07	0.08	0.15	0.42
GCF_000327045.1	0.61	0.14	0.46	0.81	0.72
GCF_000021565.1	0.61	0.1	0.33	0.76	0.62
GCF_000024205.1	0.6	0.2	0.35	0.12	0.5
GCF_000143965.1	0.6	0.2	0.35	0.69	0.51
GCF_000968135.1	0.6	0.07	0.45	0.8	0.7
GCF_000385565.1	0.6	0.4	0.33	0.18	0.48
GCF_000233715.2	0.59	0.22	0.31	0.44	0.57
GCF_000189295.2	0.59	0.14	0.5	0.71	0.62
GCF_000186885.1	0.59	0.12	0.38	0.59	0.6
GCF_000020785.1	0.58	0.08	0.23	0.39	0.51
GCF_000020365.1	0.58	0.19	0.45	0.66	0.61
GCF_000021905.1	0.58	0.21	0.27	0.51	0.51
GCF_000015145.1	0.58	0.05	0.02	0.14	0.27
GCF_000020465.1	0.58	0.13	0.49	0.61	0.58
GCF_000235605.1	0.57	0.28	0.31	0.55	0.62
GCF_000231385.2	0.57	0.26	0.44	0.65	0.65
GCF_000092945.1	0.56	0.24	0.43	0.39	0.54
GCF_000015125.1	0.56	0.13	0.45	0.55	0.56
GCF_000010405.1	0.56	0.04	0.34	0.71	0.61
GCF_000255115.2	0.56	0.21	0.42	0.66	0.66
GCF_000012865.1	0.56	0.16	0.13	0.43	0.48
GCF_000015105.1	0.55	0.04	0.36	0.51	0.6
GCF_000223395.1	0.55	0.08	0.16	0.34	0.34
GCF_000024625.1	0.55	0.9	0.48	0.05	0.36
GCF_000191045.1	0.55	0.14	0.19	0.45	0.44
GCF_000016165.1	0.54	0.09	0.35	0.34	0.52
GCF_000193375.1	0.54	0.05	0.08	0.24	0.38
GCF_000725425.1	0.53	0.09	0	0.05	0.3
GCF_000025505.1	0.53	0.37	0.25	0.56	0.5
GCF_000010325.1	0.53	0.09	0.39	0.56	0.56
GCF_000828615.1	0.53	0.06	0.3	0.8	0.66
GCF_000013105.1	0.53	0.21	0.52	0.07	0.51
GCF_000828635.1	0.53	0.09	0.3	0.77	0.68
GCF_000025705.1	0.52	0.09	0.47	0.87	0.71
GCF_000020625.1	0.52	0.14	0.45	0.57	0.54
GCF_000018365.1	0.52	0.13	0	0.02	0.29
GCF_000017945.1	0.52	0.08	0.06	0.33	0.3
GCF_000020505.1	0.52	0.09	0.56	0.66	0.57
GCF_000265525.1	0.52	0.12	0	0.01	0.28
GCF_000215995.1	0.51	0.13	0	0.04	0.27
GCF_000266945.1	0.51	0.23	0.52	0.76	0.7
GCF_000221185.1	0.51	0.13	0	0.01	0.3
GCF_000183725.1	0.51	0.07	0.5	0.65	0.68
GCF_000025665.1	0.51	0.06	0	0.04	0.26
GCF_000015205.1	0.51	0.09	0.08	0.02	0.35
GCF_001592435.1	0.51	0.1	0	0.01	0.28
GCF_000016085.1	0.51	0.09	0.48	0.57	0.54
GCF_000789255.1	0.51	0.37	0.29	0.53	0.51
GCF_000092305.1	0.51	0.88	0.47	0.07	0.36
GCF_000025605.1	0.5	0.09	0.68	0.46	0.66
GCF_000007305.1	0.5	0.12	0.12	0.03	0.33
GCF_000018405.1	0.5	0.15	0.1	0.68	0.41
GCF_000012965.1	0.5	0.07	0.33	0.68	0.58
GCF_000739065.1	0.5	0.9	0.47	0.03	0.37
GCF_001006045.1	0.5	0.38	0.2	0.49	0.44
GCF_000021545.1	0.49	0.08	0.23	0.75	0.5
GCF_001412615.1	0.49	0.07	0.06	0.33	0.36
GCF_000185805.1	0.49	0.11	0.2	0.45	0.45
GCF_000517445.1	0.49	0.11	0	0.06	0.3
GCF_000012485.1	0.48	0.11	0.48	0.68	0.54
GCF_000151105.2	0.48	0.08	0	0.05	0.28
GCF_000020825.1	0.48	0.09	0.6	0.47	0.71
GCF_000147355.1	0.48	0.07	0.32	0.66	0.56
GCF_000063445.1	0.48	0.88	0.4	0.12	0.51
GCF_000008625.1	0.48	0.07	0.44	0.67	0.58
GCF_000263735.1	0.48	0.09	0.13	0.01	0.33
GCF_000190315.1	0.47	0.05	0.06	0.09	0.44
GCF_000211475.1	0.47	0.09	0.02	0.01	0.29
GCF_000010345.1	0.46	0.08	0.32	0.78	0.64
GCF_000214095.2	0.46	0.09	0.61	0.48	0.69
GCF_000186245.1	0.46	0.06	0.32	0.68	0.59
GCF_000025545.1	0.46	0.06	0.38	0.41	0.68
GCF_000251105.1	0.46	0.79	0.32	0.08	0.39
GCF_000024885.1	0.45	0.08	0.16	0.7	0.51
GCF_000993805.1	0.45	0.09	0.03	0.07	0.28
GCF_000025525.1	0.44	0.9	0.48	0.03	0.36
GCF_000015225.1	0.44	0.1	0	0.07	0.29
GCF_000015945.1	0.44	0.07	0.02	0.01	0.2
GCF_000235565.1	0.44	0.88	0.43	0.08	0.43
GCF_000020325.1	0.44	0.05	0.33	0.66	0.6
GCF_000512735.1	0.44	0.07	0.37	0.69	0.6
GCF_000242915.1	0.44	0.07	0.26	0.78	0.64
GCF_000092465.1	0.43	0.09	0	0.14	0.22
GCF_000020525.1	0.43	0.14	0.37	0.43	0.53
GCF_000014865.1	0.43	0.11	0.49	0.75	0.68
GCF_000016605.1	0.42	0.06	0.25	0.2	0.52
GCF_000021725.1	0.42	0.07	0.14	0.49	0.42
GCF_000265295.1	0.42	0.14	0.5	0.68	0.64
GCF_000446015.1	0.41	0.1	0	0.05	0.31
GCF_000568815.1	0.41	0.09	0.56	0.77	0.68
GCF_001298465.1	0.41	0.04	0.13	0.65	0.43
GCF_000814825.1	0.41	0.08	0.05	0.27	0.33
GCF_000175575.2	0.41	0.05	0.26	0.22	0.54
GCF_000020385.1	0.41	0.08	0.31	0.65	0.65
GCF_000217995.1	0.41	0.89	0.47	0.3	0.49
GCF_000179575.2	0.41	0.9	0.47	0.07	0.38
GCF_000513295.1	0.41	0.07	0.59	0.84	0.77
GCF_000017505.1	0.4	0.07	0.49	0.72	0.71
GCF_000969905.1	0.4	0.92	0.45	0.04	0.45
GCF_000499765.1	0.4	0.87	0.4	0.06	0.42
GCF_000018605.1	0.4	0.06	0.11	0.02	0.32
GCF_000092245.1	0.4	0.11	0.54	0.75	0.74
GCF_000017185.1	0.4	0.91	0.47	0.07	0.38
GCF_000020805.1	0.39	0.06	0.5	0.76	0.73
GCF_000017725.2	0.39	0.06	0.09	0.8	0.42
GCF_000021945.1	0.39	0.13	0.48	0.4	0.67
GCF_000214415.1	0.39	0.87	0.47	0.05	0.37
GCF_000970305.1	0.39	0.92	0.53	0.07	0.5
GCF_000145295.1	0.39	0.91	0.43	0.04	0.38
GCF_000828575.1	0.39	0.91	0.44	0.04	0.39
GCF_001548055.1	0.39	0.11	0.56	0.73	0.68
GCF_000017465.2	0.39	0.05	0.13	0.68	0.45
GCF_000246985.2	0.39	0.13	0	0.01	0.32
GCF_000018865.1	0.39	0.14	0.58	0.32	0.72
GCF_000969965.1	0.39	0.92	0.41	0.27	0.51
GCF_000281175.1	0.38	0.14	0.38	0.68	0.68
GCF_000006175.1	0.38	0.84	0.33	0.06	0.3
GCF_000017165.1	0.38	0.9	0.35	0.05	0.31
GCF_000009985.1	0.38	0.12	0.53	0.98	0.75
GCF_000013405.1	0.38	0.1	0.05	0.48	0.33
GCF_000305935.1	0.38	0.21	0.32	0.29	0.42
GCF_000008645.1	0.38	0.91	0.42	0.04	0.38
GCF_001190755.1	0.38	0.09	0.14	0.71	0.44
GCF_000327505.1	0.38	0.06	0	0.04	0.28
GCF_001477655.1	0.38	0.82	0.33	0.06	0.31
GCF_000816105.1	0.38	0.13	0	0.1	0.31
GCF_000091665.1	0.37	0.89	0.48	0.03	0.36
GCF_000196655.1	0.37	0.9	0.56	0.38	0.52
GCF_001484685.1	0.37	0.07	0	0.06	0.34
GCF_000011105.1	0.37	0.08	0	0.01	0.25
GCF_000016125.1	0.37	0.9	0.37	0.06	0.31
GCF_000018305.1	0.37	0.05	0.13	0.22	0.38
GCF_000769655.1	0.37	0.1	0	0.06	0.31
GCF_000166095.1	0.37	0.89	0.48	0.05	0.36
GCF_000970025.1	0.37	0.93	0.42	0.0	0.48
GCF_000970265.1	0.37	0.92	0.47	0.22	0.47
GCF_000024265.1	0.37	0.06	0	0.41	0.37
GCF_000011585.1	0.37	0.91	0.47	0.05	0.36
GCF_000023985.1	0.37	0.9	0.47	0.02	0.37
GCF_000007065.1	0.37	0.92	0.44	0.22	0.48
GCF_000009025.1	0.37	0.13	0.11	0.15	0.39
GCF_000009965.1	0.37	0.06	0	0.01	0.31
GCF_000816345.1	0.37	0.03	0.17	0.73	0.51
GCF_000585495.1	0.37	0.11	0	0.02	0.29
GCF_000011905.1	0.37	0.22	0.37	0.15	0.42
GCF_000736415.1	0.37	0.05	0.23	0.76	0.52
GCF_000195895.1	0.36	0.91	0.48	0.04	0.47
GCF_000183405.1	0.36	0.1	0.31	0.54	0.56
GCF_000191585.1	0.36	0.88	0.41	0.12	0.42
GCF_000175115.2	0.36	0.11	0.46	0.76	0.72
GCF_000022545.1	0.36	0.08	0	0.01	0.35
GCF_000517565.1	0.36	0.1	0.13	0.56	0.51
GCF_000025865.1	0.36	0.89	0.51	0.37	0.51
GCF_000327485.1	0.36	0.9	0.47	0.07	0.41
GCF_001020955.1	0.36	0.07	0.33	0.37	0.65
GCF_000007345.1	0.36	0.92	0.43	0.24	0.53
GCF_000025025.1	0.36	0.13	0.11	0.15	0.37
GCF_001632845.1	0.36	0.13	0.47	0.77	0.67
GCF_000235685.2	0.36	0.8	0.39	0.1	0.49
GCF_000266925.1	0.36	0.19	0	0.09	0.28
GCF_000970045.1	0.36	0.92	0.41	0.21	0.51
GCF_001643975.1	0.36	0.05	0.24	0.76	0.54
GCF_000151205.2	0.36	0.07	0	0.02	0.29
GCF_000020485.1	0.36	0.09	0.12	0.05	0.25
GCF_000007985.2	0.36	0.12	0.52	0.87	0.75
GCF_000023645.1	0.36	0.11	0.46	0.89	0.69
GCF_000306725.1	0.36	0.91	0.4	0.16	0.53
GCF_000970285.1	0.35	0.93	0.45	0.28	0.54
GCF_000465235.1	0.35	0.04	0.23	0.71	0.53
GCF_000013385.1	0.35	0.04	0.28	0.76	0.69
GCF_000404165.1	0.35	0.83	0.46	0.07	0.35
GCF_000309885.1	0.35	0.05	0.34	0.71	0.67
GCF_000478885.1	0.35	0.07	0	0.35	0.36
GCF_000016665.1	0.35	0.09	0.48	0.36	0.65
GCF_000017805.1	0.35	0.09	0.48	0.53	0.65
GCF_000024845.1	0.35	0.05	0.28	0.49	0.67
GCF_000969885.1	0.35	0.92	0.44	0.11	0.48
GCF_000019165.1	0.35	0.14	0.33	0.62	0.54
GCF_001190745.1	0.35	0.08	0.2	0.69	0.45
GCF_000328625.1	0.35	0.06	0.22	0.09	0.31
GCF_000317795.1	0.35	0.02	0	0.2	0.4
GCF_000024185.1	0.35	0.82	0.36	0.06	0.33
GCF_000214725.1	0.34	0.88	0.42	0.12	0.44
GCF_000022265.1	0.34	0.13	0.41	0.75	0.68
GCF_000092405.1	0.34	0.1	0.27	0.16	0.45
GCF_000762265.1	0.34	0.87	0.42	0.06	0.38
GCF_001399775.1	0.34	0.04	0.37	0.41	0.61
GCF_000016525.1	0.34	0.84	0.36	0.07	0.3
GCF_000015825.1	0.34	0.8	0.44	0.1	0.43
GCF_000816265.1	0.34	0.03	0.19	0.64	0.52
GCF_000981545.1	0.34	0.17	0.4	0.69	0.72
GCF_000012285.1	0.34	0.04	0.33	0.26	0.54
GCF_000187005.1	0.34	0.04	0.25	0.53	0.62
GCF_000763575.1	0.34	0.14	0.22	0.09	0.34
GCF_000013445.1	0.34	0.86	0.42	0.1	0.42
GCF_000025725.1	0.34	0.08	0.41	0.65	0.61
GCF_000970085.1	0.34	0.93	0.44	0.25	0.55
GCF_000020725.1	0.34	0.11	0.46	0.89	0.69
GCF_000987835.1	0.34	0.06	0.26	0.68	0.59
GCF_000019605.1	0.34	0.07	0	0.26	0.35
GCF_000817955.1	0.34	0.11	0.46	0.82	0.72
GCF_000224005.2	0.34	0.13	0.46	0.75	0.7
GCF_000011205.1	0.33	0.04	0.39	0.2	0.56
GCF_000017625.1	0.33	0.87	0.47	0.14	0.49
GCF_000016745.1	0.33	0.1	0.47	0.87	0.7
GCF_000014785.1	0.33	0.05	0.34	0.81	0.67
GCF_000021965.1	0.33	0.85	0.42	0.11	0.52
GCF_000007005.1	0.33	0.04	0.24	0.2	0.54
GCF_000144915.1	0.33	0.02	0	0.07	0.38
GCF_000022365.1	0.33	0.12	0	0.01	0.26
GCF_000195335.1	0.33	0.03	0.29	0.41	0.61
GCF_000243135.2	0.33	0.16	0.23	0.69	0.55
GCF_000023885.1	0.33	0.03	0	0.4	0.33
GCF_000012545.1	0.33	0.79	0.38	0.07	0.33
GCF_000190635.1	0.33	0.17	0.36	0.08	0.5
GCF_000204415.1	0.33	0.87	0.42	0.07	0.5
GCF_001643955.1	0.33	0.06	0.23	0.76	0.52
GCF_000019665.1	0.33	0.07	0.65	0.48	0.78
GCF_000023845.1	0.33	0.05	0	0.25	0.26
GCF_000020865.1	0.32	0.07	0.15	0.46	0.59
GCF_000827125.1	0.32	0.08	0.19	0.67	0.54
GCF_000270285.1	0.32	0.07	0.04	0.37	0.36
GCF_000015045.1	0.32	0.1	0.41	0.44	0.53
GCF_000022385.1	0.32	0.04	0.24	0.18	0.54
GCF_000953475.1	0.32	0.08	0.66	0.49	0.76
GCF_000404225.1	0.32	0.41	0.44	0.05	0.39
GCF_000067165.1	0.32	0.06	0.32	0.67	0.73
GCF_000092125.1	0.32	0.06	0.32	0.53	0.7
GCF_000199675.1	0.32	0.07	0.29	0.6	0.55
GCF_000010985.1	0.32	0.1	0.01	0.61	0.51
GCF_000236585.1	0.31	0.04	0.37	0.53	0.6
GCF_000017225.1	0.31	0.9	0.37	0.07	0.31
GCF_000018485.1	0.31	0.9	0.37	0.06	0.31
GCF_000264495.1	0.31	0.06	0	0.03	0.25
GCF_001046955.1	0.31	0.07	0.33	0.61	0.74
GCF_000194135.1	0.31	0.12	0.12	0.15	0.35
GCF_000025125.1	0.31	0.06	0.54	0.3	0.42
GCF_000144695.1	0.31	0.17	0.22	0.06	0.34
GCF_000512895.1	0.31	0.16	0.11	0.16	0.4
GCF_000828975.1	0.31	0.07	0.62	0.57	0.75
GCF_000785705.2	0.31	0.21	0.7	0.76	0.78
GCF_000218625.1	0.31	0.07	0.11	0.51	0.53
GCF_000816785.1	0.3	0.03	0.2	0.72	0.5
GCF_000166335.1	0.3	0.15	0.06	0.04	0.32
GCF_000009725.1	0.3	0.1	0.71	0.4	0.68
GCF_000009085.1	0.3	0.05	0.23	0.72	0.55
GCF_000010045.1	0.3	0.18	0.45	0.67	0.58
GCF_000304355.2	0.3	0.85	0.45	0.12	0.46
GCF_000011185.1	0.3	0.06	0	0.18	0.35
GCF_000145215.1	0.3	0.1	0.07	0.04	0.31
GCF_000597865.1	0.3	0.07	0.07	0.04	0.38
GCF_000015585.1	0.3	0.11	0.41	0.72	0.62
GCF_000092105.1	0.3	0.18	0.41	0.55	0.66
GCF_000196535.1	0.3	0.03	0	0.05	0.38
GCF_001011055.1	0.3	0.07	0.16	0.48	0.58
GCF_001548075.1	0.3	0.09	0.65	0.53	0.72
GCF_000166075.1	0.3	0.1	0.29	0.4	0.65
GCF_000816185.1	0.3	0.03	0.2	0.64	0.52
GCF_000092905.1	0.3	0.04	0.41	0.41	0.62
GCF_000829235.1	0.3	0.06	0.66	0.32	0.46
GCF_000305775.1	0.3	0.19	0.32	0.17	0.45
GCF_000022325.1	0.3	0.12	0.17	0.04	0.37
GCF_000166695.1	0.3	0.14	0.38	0.04	0.41
GCF_000008125.1	0.29	0.04	0.36	0.41	0.64
GCF_000020905.1	0.29	0.05	0	0.01	0.21
GCF_001189555.1	0.29	0.11	0.26	0.34	0.37
GCF_000177635.2	0.29	0.1	0.52	0.61	0.62
GCF_000186365.1	0.29	0.05	0	0.01	0.21
GCF_000208405.1	0.29	0.11	0.16	0.4	0.42
GCF_000299235.1	0.29	0.09	0.34	0.51	0.54
GCF_000009905.1	0.29	0.07	0.28	0.73	0.58
GCF_000019205.1	0.29	0.03	0.19	0.72	0.54
GCF_000816225.1	0.29	0.03	0.19	0.73	0.5
GCF_000816245.1	0.29	0.03	0.2	0.73	0.47
GCF_000152265.2	0.29	0.02	0.18	0.18	0.49
GCF_000015085.1	0.29	0.06	0.22	0.71	0.54
GCF_000328665.1	0.29	0.9	0.53	0.28	0.6
GCF_000317635.1	0.29	0.11	0.76	0.4	0.74
GCF_000012925.1	0.28	0.11	0.46	0.89	0.72
GCF_000317435.1	0.28	0.12	0.65	0.35	0.78
GCF_000241025.1	0.28	0.06	0.05	0.46	0.3
GCF_000186345.1	0.28	0.18	0.35	0.64	0.64
GCF_000495505.1	0.28	0.06	0.22	0.78	0.54
GCF_000023945.1	0.28	0.16	0.32	0.36	0.59
GCF_000147875.1	0.28	0.84	0.44	0.04	0.44
GCF_000300255.2	0.28	0.33	0.46	0.05	0.39
GCF_001644685.1	0.28	0.21	0.77	0.4	0.74
GCF_000612505.1	0.28	0.08	0.59	0.38	0.63
GCF_000016405.1	0.28	0.1	0.59	0.82	0.82
GCF_000020945.1	0.28	0.04	0.04	0.05	0.24
GCF_000284095.1	0.28	0.14	0.3	0.37	0.42
GCF_000284315.1	0.28	0.12	0.58	0.65	0.65
GCF_000478825.2	0.28	0.1	0.71	0.36	0.68
GCF_000756615.1	0.28	0.07	0.53	0.38	0.66
GCF_000953715.1	0.28	0.07	0.04	0.08	0.17
GCF_000143165.1	0.28	0.13	0.19	0.43	0.52
GCF_000024765.1	0.27	0.07	0.51	0.41	0.71
GCF_000008325.1	0.27	0.21	0.62	0.74	0.86
GCF_000312705.1	0.27	0.14	0.67	0.37	0.75
GCF_000013725.1	0.27	0.91	0.42	0.38	0.49
GCF_000243155.2	0.27	0.17	0.23	0.69	0.6
GCF_001278055.1	0.27	0.12	0.5	0.85	0.66
GCF_000242455.2	0.27	0.19	0.36	0.55	0.75
GCF_000012885.1	0.27	0.12	0.56	0.44	0.6
GCF_000014025.1	0.27	0.07	0.26	0.76	0.59
GCF_000015765.1	0.27	0.83	0.34	0.08	0.4
GCF_000166355.1	0.27	0.14	0.37	0.04	0.42
GCF_000018625.1	0.27	0.06	0.25	0.54	0.65
GCF_000661895.1	0.27	0.06	0.37	0.14	0.61
GCF_000970325.1	0.27	0.9	0.5	0.43	0.53
GCF_000018345.1	0.27	0.05	0.43	0.21	0.69
GCF_000816365.1	0.27	0.03	0.19	0.73	0.52
GCF_000198515.1	0.27	0.04	0.31	0.37	0.68
GCF_000210895.1	0.27	0.04	0.09	0.49	0.38
GCF_000021645.1	0.26	0.07	0.1	0.06	0.23
GCF_000022985.1	0.26	0.05	0.12	0.49	0.37
GCF_000233775.1	0.26	0.09	0	0.13	0.26
GCF_000418325.1	0.26	0.08	0.4	0.7	0.77
GCF_000231405.2	0.26	0.16	0.21	0.68	0.55
GCF_000092185.1	0.26	0.03	0	0.08	0.17
GCF_001693255.1	0.26	0.1	0.76	0.38	0.69
GCF_000350305.1	0.26	0.29	0.24	0.07	0.3
GCF_000252995.1	0.26	0.06	0.26	0.54	0.65
GCF_000023325.1	0.26	0.06	0	0.04	0.26
GCF_000800805.1	0.26	0.34	0.29	0.05	0.26
GCF_000271665.2	0.26	0.13	0.29	0.46	0.54
GCF_000953215.1	0.26	0.09	0.33	0.09	0.31
GCF_000024725.1	0.26	0.18	0.3	0.82	0.72
GCF_000204115.1	0.26	0.07	0.23	0.77	0.64
GCF_000024865.1	0.26	0.04	0.39	0.24	0.76
GCF_000013205.1	0.25	0.1	0.7	0.33	0.6
GCF_000062885.1	0.25	0.06	0.32	0.25	0.75
GCF_000200595.1	0.25	0.05	0.16	0.7	0.43
GCF_001281385.1	0.25	0.07	0.35	0.38	0.56
GCF_001187595.1	0.25	0.06	0.32	0.75	0.53
GCF_000006945.1	0.25	0.07	0.19	0.54	0.65
GCF_000014005.1	0.25	0.07	0.35	0.6	0.71
GCF_000017585.1	0.25	0.08	0.08	0.76	0.45
GCF_000017245.1	0.25	0.04	0.16	0.53	0.42
GCF_000016545.1	0.25	0.14	0.38	0.04	0.41
GCF_000304315.1	0.25	0.26	0.55	0.62	0.82
GCF_000015885.1	0.25	0.05	0.06	0.45	0.36
GCF_001443605.1	0.25	0.04	0.09	0.6	0.41
GCF_000993825.1	0.25	0.07	0.51	0.36	0.6
GCF_000317475.1	0.25	0.15	0.68	0.36	0.78
GCF_000012425.1	0.25	0.12	0.6	0.99	0.78
GCF_000020965.1	0.24	0.08	0.11	0.09	0.22
GCF_000024945.1	0.24	0.05	0.22	0.15	0.31
GCF_000024165.1	0.24	0.09	0.54	0.98	0.72
GCF_000213215.1	0.24	0.04	0.05	0.2	0.41
GCF_000758645.1	0.24	0.06	0.57	0.34	0.62
GCF_000143685.1	0.24	0.18	0.34	0.09	0.4
GCF_000021865.1	0.24	0.11	0.55	0.75	0.73
GCF_000007945.1	0.24	0.02	0.01	0.43	0.26
GCF_000294515.1	0.24	0.04	0.34	0.26	0.68
GCF_000317675.1	0.24	0.1	0.72	0.38	0.69
GCF_000022045.1	0.24	0.1	0.71	0.39	0.74
GCF_000021825.1	0.24	0.13	0.64	0.37	0.76
GCF_000203895.1	0.24	0.06	0.34	0.68	0.76
GCF_000204925.1	0.24	0.03	0.12	0.2	0.49
GCF_000317025.1	0.24	0.1	0.58	0.46	0.82
GCF_000007905.1	0.24	0.03	0.05	0.64	0.44
GCF_000349945.1	0.24	0.22	0.5	0.88	0.82
GCF_000758685.1	0.24	0.07	0.47	0.17	0.5
GCF_000262305.1	0.24	0.06	0.25	0.59	0.69
GCF_001027025.1	0.23	0.07	0.01	0.39	0.28
GCF_000511405.1	0.23	0.06	0.43	0.39	0.59
GCF_001458695.1	0.23	0.05	0.22	0.56	0.74
GCF_001689125.1	0.23	0.17	0.21	0.07	0.39
GCF_000828655.1	0.23	0.03	0.0	0.05	0.19
GCF_000758725.1	0.23	0.06	0.61	0.34	0.57
GCF_000725345.1	0.23	0.09	0.29	0.44	0.6
GCF_000013225.1	0.23	0.14	0.67	0.33	0.62
GCF_000317045.1	0.23	0.12	0.73	0.39	0.72
GCF_000014805.1	0.23	0.06	0.26	0.88	0.69
GCF_000599985.1	0.23	0.04	0.21	0.2	0.37
GCF_000014185.1	0.23	0.09	0.38	0.21	0.64
GCF_001042715.1	0.23	0.18	0.41	0.21	0.41
GCF_000024545.1	0.23	0.04	0.33	0.19	0.71
GCF_000019485.1	0.23	0.1	0.7	0.31	0.7
GCF_000214665.1	0.23	0.22	0.71	0.54	0.79
GCF_000734895.2	0.23	0.13	0.65	0.36	0.8
GCF_000022885.2	0.23	0.05	0.16	0.55	0.57
GCF_000025645.1	0.23	0.06	0.25	0.08	0.34
GCF_000230715.2	0.23	0.1	0.16	0.25	0.51
GCF_000010065.1	0.22	0.11	0.8	0.35	0.67
GCF_000967305.2	0.22	0.05	0.34	0.49	0.74
GCF_000019185.1	0.22	0.09	0.26	0.96	0.57
GCF_000021765.1	0.22	0.05	0.31	0.84	0.72
GCF_000014265.1	0.22	0.15	0.68	0.41	0.74
GCF_000807275.1	0.22	0.05	0.18	0.06	0.35
GCF_000019365.1	0.22	0.19	0.67	0.72	0.86
GCF_000146875.3	0.22	0.03	0.27	0.19	0.45
GCF_000259275.1	0.22	0.04	0.12	0.71	0.41
GCF_000286435.2	0.22	0.06	0.19	0.31	0.6
GCF_000259255.1	0.22	0.03	0.1	0.71	0.42
GCF_000145255.1	0.22	0.07	0.4	0.7	0.55
GCF_000021805.1	0.22	0.09	0.61	0.38	0.77
GCF_000015985.1	0.22	0.1	0.62	0.82	0.76
GCF_000020005.1	0.21	0.03	0.04	0.12	0.39
GCF_000014045.1	0.21	0.11	0.54	0.63	0.78
GCF_001190925.1	0.21	0.07	0.55	0.88	0.82
GCF_000504105.1	0.21	0.02	0.02	0.05	0.2
GCF_000236665.1	0.21	0.08	0.52	0.83	0.76
GCF_000284335.1	0.21	0.02	0	0.11	0.29
GCF_000299965.1	0.21	0.07	0.36	0.43	0.6
GCF_000316665.1	0.21	0.09	0.53	0.36	0.75
GCF_000818015.1	0.21	0.08	0.4	0.79	0.73
GCF_000009705.1	0.21	0.12	0.69	0.42	0.8
GCF_000016965.1	0.21	0.14	0.35	0.17	0.54
GCF_000340885.1	0.21	0.15	0.34	0.18	0.47
GCF_001460635.1	0.21	0.03	0.05	0.74	0.44
GCF_000284255.1	0.21	0.24	0.62	0.92	0.76
GCF_000025885.1	0.21	0.08	0	0.11	0.22
GCF_001548455.1	0.21	0.12	0.63	0.41	0.8
GCF_000055945.1	0.21	0.02	0.04	0.41	0.2
GCF_000243075.1	0.21	0.04	0.33	0.77	0.65
GCF_000092985.1	0.21	0.03	0.32	0.22	0.68
GCF_000007745.1	0.21	0.04	0.17	0.59	0.4
GCF_000189775.2	0.21	0.06	0.16	0.11	0.31
GCF_000968375.1	0.21	0.22	0.42	0.06	0.45
GCF_000024905.1	0.2	0.03	0	0.07	0.19
GCF_000184685.1	0.2	0.04	0.33	0.73	0.72
GCF_000299395.1	0.2	0.07	0.24	0.24	0.45
GCF_000828915.1	0.2	0.05	0.28	0.34	0.64
GCF_000230975.2	0.2	0.18	0.31	0.4	0.71
GCF_000069965.1	0.2	0.06	0.2	0.3	0.54
GCF_000270305.1	0.2	0.09	0.35	0.15	0.42
GCF_000147695.2	0.2	0.06	0.19	0.09	0.37
GCF_000014725.1	0.2	0.06	0.14	0.43	0.35
GCF_000025005.1	0.2	0.08	0.26	0.32	0.64
GCF_000015025.1	0.2	0.05	0.34	0.3	0.65
GCF_000017845.1	0.2	0.12	0.61	0.39	0.75
GCF_000389635.1	0.2	0.1	0.38	0.13	0.54
GCF_000955905.1	0.2	0.06	0.26	0.22	0.45
GCF_000316625.1	0.2	0.12	0.63	0.37	0.8
GCF_000157895.3	0.2	0.05	0.43	0.31	0.75
GCF_000012185.1	0.2	0.01	0	0.43	0.23
GCF_000012305.1	0.2	0.04	0.21	0.47	0.57
GCF_000316645.1	0.2	0.16	0.7	0.38	0.77
GCF_000754265.1	0.2	0.02	0.24	0.09	0.31
GCF_000807175.1	0.2	0.11	0.38	0.15	0.52
GCF_000317695.1	0.2	0.12	0.77	0.31	0.79
GCF_000091985.1	0.2	0.02	0.11	0.44	0.32
GCF_000242895.2	0.2	0.07	0.27	0.78	0.69
GCF_000747345.1	0.2	0.04	0.26	0.31	0.57
GCF_001277295.1	0.2	0.12	0.61	0.35	0.77
GCF_001038625.1	0.2	0.23	0.42	0.11	0.49
GCF_000164985.3	0.2	0.04	0.34	0.19	0.45
GCF_900087055.1	0.2	0.06	0.21	0.74	0.64
GCF_001618685.1	0.2	0.06	0.26	0.4	0.65
GCF_000018025.1	0.19	0.05	0.25	0.97	0.57
GCF_000284235.1	0.19	0.08	0.46	0.44	0.7
GCF_000316515.1	0.19	0.09	0.65	0.38	0.69
GCF_000300455.3	0.19	0.09	0.43	0.2	0.68
GCF_000512125.1	0.19	0.07	0.21	0.59	0.65
GCF_000007865.1	0.19	0.03	0.42	0.21	0.7
GCF_000738435.1	0.19	0.08	0.58	0.39	0.72
GCF_000017425.1	0.19	0.04	0.36	0.35	0.6
GCF_000317125.1	0.19	0.09	0.67	0.42	0.83
GCF_000011345.1	0.19	0.11	0.64	0.42	0.57
GCF_000260985.3	0.19	0.19	0.46	0.38	0.68
GCF_000758705.1	0.19	0.09	0.51	0.37	0.62
GCF_000981585.1	0.19	0.09	0.57	0.37	0.65
GCF_000317515.1	0.19	0.14	0.67	0.37	0.81
GCF_000015745.1	0.19	0.06	0.3	0.38	0.58
GCF_001558255.1	0.19	0.04	0.3	0.79	0.56
GCF_000092605.1	0.19	0.04	0.08	0.67	0.55
GCF_000316575.1	0.19	0.13	0.62	0.37	0.75
GCF_000600105.1	0.19	0.05	0.22	0.44	0.49
GCF_000812185.1	0.19	0.03	0.26	0.25	0.43
GCF_000196515.1	0.19	0.11	0.7	0.31	0.68
GCF_000258405.1	0.19	0.05	0.12	0.68	0.47
GCF_000284635.1	0.19	0.03	0.05	0.63	0.42
GCF_000013605.1	0.19	0.06	0.43	0.92	0.69
GCF_000024405.1	0.19	0.06	0.12	0.04	0.32
GCF_000834455.1	0.19	0.06	0.25	0.62	0.66
GCF_000828675.1	0.19	0.02	0.01	0.05	0.2
GCF_000300475.1	0.19	0.05	0.46	0.36	0.68
GCF_000022065.1	0.19	0.1	0.16	0.09	0.35
GCF_000014665.1	0.19	0.05	0.26	0.96	0.5
GCF_000012605.1	0.19	0.08	0.34	0.49	0.63
GCF_000145615.1	0.19	0.08	0.41	0.08	0.39
GCF_000020445.1	0.19	0.12	0.71	0.86	0.81
GCF_001484565.1	0.19	0.04	0.32	0.26	0.74
GCF_000981785.1	0.19	0.13	0.67	0.31	0.71
GCF_000011605.1	0.19	0.09	0.44	0.43	0.7
GCF_000010645.1	0.19	0.06	0.41	0.07	0.39
GCF_000011785.1	0.18	0.01	0	0.44	0.25
GCF_000007085.1	0.18	0.09	0.08	0.11	0.32
GCF_000023385.1	0.18	0.05	0.33	0.38	0.59
GCF_000018945.1	0.18	0.06	0.14	0.1	0.31
GCF_000018145.1	0.18	0.11	0.55	0.71	0.8
GCF_000012465.1	0.18	0.06	0.78	0.33	0.5
GCF_000757865.1	0.18	0.06	0.78	0.33	0.5
GCF_000758525.1	0.18	0.05	0.51	0.37	0.59
GCF_000758625.1	0.18	0.05	0.51	0.36	0.64
GCF_000317105.1	0.18	0.13	0.61	0.44	0.7
GCF_000063525.1	0.18	0.09	0.77	0.33	0.63
GCF_000154785.2	0.18	0.11	0.55	0.61	0.77
GCF_001021065.1	0.18	0.02	0.26	0.24	0.51
GCF_000209675.1	0.18	0.03	0.24	0.59	0.37
GCF_000169195.2	0.18	0.0	0.36	0.41	0.48
GCF_000020025.1	0.18	0.13	0.63	0.33	0.78
GCF_000008545.1	0.18	0.06	0.14	0.1	0.32
GCF_001027545.1	0.18	0.06	0.34	0.09	0.34
GCF_000006825.1	0.18	0.01	0	0.49	0.3
GCF_000018825.1	0.18	0.05	0.46	0.36	0.68
GCF_001582075.1	0.18	0.08	0.31	0.2	0.64
GCF_000279145.1	0.18	0.04	0.29	0.68	0.58
GCF_000956175.1	0.18	0.07	0.26	0.25	0.44
GCF_000015005.1	0.18	0.04	0.43	0.22	0.7
GCF_000009865.1	0.18	0.01	0.28	0.16	0.44
GCF_001402875.1	0.18	0.06	0.53	0.74	0.68
GCF_000214825.1	0.18	0.06	0.29	0.34	0.61
GCF_000266905.1	0.18	0.05	0.34	0.24	0.79
GCF_000011485.1	0.18	0.05	0.7	0.33	0.55
GCF_000015705.1	0.18	0.04	0.69	0.31	0.56
GCF_000764555.1	0.18	0.03	0.11	0.16	0.37
GCF_001421015.1	0.18	0.03	0.28	0.16	0.54
GCF_000265425.1	0.18	0.08	0.42	0.48	0.71
GCF_000968535.2	0.18	0.19	0.48	0.73	0.7
GCF_000317615.1	0.18	0.1	0.81	0.39	0.62
GCF_000195275.1	0.18	0.07	0.17	0.11	0.17
GCF_000012505.1	0.17	0.05	0.77	0.31	0.64
GCF_000757845.1	0.17	0.08	0.67	0.33	0.52
GCF_000009785.1	0.17	0.06	0.3	0.38	0.65
GCF_000025065.1	0.17	0.07	0.27	0.16	0.62
GCF_000015505.1	0.17	0.08	0.54	0.35	0.79
GCF_000834515.1	0.17	0.06	0.28	0.62	0.71
GCF_000019965.1	0.17	0.06	0.32	0.59	0.66
GCF_000016885.1	0.17	0.04	0.26	0.82	0.6
GCF_000470655.1	0.17	0.11	0.26	0.34	0.49
GCF_000015245.1	0.17	0.05	0.27	0.96	0.53
GCF_000010625.1	0.17	0.12	0.67	0.39	0.7
GCF_000026045.1	0.17	0.12	0.31	0.22	0.58
GCF_001443645.1	0.17	0.05	0.01	0.03	0.14
GCF_000742855.1	0.17	0.05	0.35	0.35	0.64
GCF_001273775.1	0.17	0.06	0.36	0.72	0.73
GCF_000019065.1	0.17	0.04	0.26	0.07	0.28
GCF_000194805.1	0.17	0.04	0.25	0.71	0.72
GCF_000013685.1	0.17	0.11	0.62	0.73	0.78
GCF_000011965.2	0.17	0.06	0.36	0.59	0.7
GCF_000300005.1	0.17	0.03	0.43	0.73	0.63
GCF_000012645.1	0.17	0.06	0.7	0.33	0.49
GCF_000184325.1	0.17	0.07	0.29	0.77	0.61
GCF_000293885.2	0.17	0.04	0.42	0.49	0.75
GCF_001658025.1	0.17	0.09	0.42	0.25	0.68
GCF_000145235.1	0.17	0.02	0.33	0.27	0.71
GCF_000819565.1	0.17	0.08	0.36	0.38	0.68
GCF_001511755.1	0.17	0.04	0.4	0.73	0.77
GCF_000007825.1	0.17	0.02	0.36	0.36	0.62
GCF_000477435.1	0.17	0.04	0.22	0.12	0.4
GCF_000014885.1	0.17	0.05	0.26	0.91	0.6
GCF_000981805.1	0.17	0.09	0.28	0.72	0.66
GCF_000973525.1	0.17	0.01	0.05	0.49	0.31
GCF_000024385.1	0.17	0.05	0.34	0.24	0.71
GCF_000260965.1	0.17	0.2	0.33	0.33	0.64
GCF_000014585.1	0.16	0.06	0.77	0.4	0.62
GCF_000484535.1	0.16	0.09	0.6	0.31	0.73
GCF_000445995.2	0.16	0.05	0.28	0.4	0.65
GCF_000217815.1	0.16	0.04	0.04	0.05	0.25
GCF_000021885.1	0.16	0.01	0	0.48	0.29
GCF_000063505.1	0.16	0.09	0.77	0.36	0.63
GCF_000212415.1	0.16	0.1	0.34	0.07	0.29
GCF_000148645.1	0.16	0.05	0.26	0.94	0.58
GCF_000019285.1	0.16	0.03	0.07	0.03	0.38
GCF_000310065.1	0.16	0.04	0.36	0.33	0.66
GCF_001305615.1	0.16	0.07	0.59	0.64	0.8
GCF_000018325.1	0.16	0.04	0.13	0.22	0.33
GCF_000016725.1	0.16	0.06	0.31	0.37	0.65
GCF_000008525.1	0.16	0.04	0.15	0.39	0.39
GCF_000013245.1	0.16	0.04	0.15	0.39	0.39
GCF_000147055.1	0.16	0.1	0.54	0.13	0.68
GCF_000015865.1	0.16	0.11	0.46	0.12	0.39
GCF_001187845.1	0.16	0.07	0.33	0.38	0.69
GCF_000245355.1	0.16	0.04	0.43	0.28	0.73
GCF_001028085.1	0.16	0.03	0.36	0.38	0.55
GCF_001511815.1	0.16	0.04	0.34	0.26	0.72
GCF_000008425.1	0.16	0.01	0.32	0.37	0.59
GCF_000023085.1	0.16	0.01	0.01	0.03	0.14
GCF_000011085.1	0.16	0.07	0.3	0.32	0.64
GCF_001558435.1	0.16	0.03	0.28	0.82	0.54
GCF_000292685.1	0.16	0.02	0.12	0.09	0.27
GCF_000257545.3	0.16	0.04	0.35	0.62	0.71
GCF_001006005.1	0.16	0.06	0.36	0.62	0.72
GCF_000177255.2	0.16	0.12	0.71	0.91	0.81
GCF_000161795.2	0.16	0.06	0.78	0.33	0.61
GCF_001678945.1	0.16	0.05	0.43	0.43	0.74
GCF_000214155.1	0.16	0.04	0.4	0.21	0.7
GCF_000165715.2	0.16	0.16	0.33	0.55	0.56
GCF_001051995.2	0.16	0.18	0.36	0.8	0.73
GCF_000737535.1	0.16	0.05	0.7	0.41	0.64
GCF_000478905.1	0.16	0.06	0.19	0.06	0.35
GCF_001488575.1	0.16	0.1	0.23	0.27	0.54
GCF_000007845.1	0.16	0.05	0.37	0.36	0.64
GCF_000196695.1	0.16	0.04	0.42	0.23	0.72
GCF_000165505.1	0.16	0.05	0.39	0.12	0.43
GCF_000590925.1	0.16	0.06	0.57	0.45	0.7
GCF_000146165.2	0.16	0.06	0.27	0.91	0.65
GCF_000973705.1	0.16	0.06	0.28	0.1	0.38
GCF_000092645.1	0.16	0.05	0.33	0.38	0.65
GCF_000021745.1	0.16	0.22	0.67	0.48	0.79
GCF_000024425.1	0.16	0.03	0.36	0.31	0.67
GCF_001618885.1	0.16	0.03	0.17	0.17	0.42
GCF_001518835.1	0.16	0.07	0.2	0.19	0.62
GCF_000011365.1	0.15	0.08	0.69	0.76	0.87
GCF_000015185.1	0.15	0.05	0.28	0.96	0.5
GCF_000016065.1	0.15	0.05	0.27	0.96	0.54
GCF_000164865.1	0.15	0.06	0.16	0.21	0.58
GCF_000177235.2	0.15	0.04	0.33	0.43	0.61
GCF_000230735.2	0.15	0.14	0.22	0.12	0.57
GCF_001011115.1	0.15	0.09	0.12	0.12	0.37
GCF_000223905.1	0.15	0.07	0.33	0.28	0.63
GCF_000016425.1	0.15	0.03	0.32	0.21	0.68
GCF_000018265.1	0.15	0.04	0.33	0.22	0.7
GCF_000183745.1	0.15	0.03	0.21	0.6	0.6
GCF_000219045.1	0.15	0.04	0.01	0.08	0.4
GCF_000019785.1	0.15	0.2	0.56	0.79	0.82
GCF_000196395.1	0.15	0.07	0.27	0.82	0.68
GCF_000015785.1	0.15	0.01	0.32	0.34	0.58
GCF_000093085.1	0.15	0.03	0.26	0.74	0.53
GCF_000024685.1	0.15	0.03	0.34	0.37	0.58
GCF_000737595.1	0.15	0.06	0.82	0.33	0.63
GCF_000166055.1	0.15	0.1	0.51	0.73	0.64
GCF_000214375.1	0.15	0.17	0.37	0.11	0.34
GCF_001447335.1	0.15	0.07	0.29	0.91	0.66
GCF_000012985.1	0.15	0.04	0.31	0.67	0.68
GCF_000018685.1	0.15	0.12	0.18	0.1	0.35
GCF_000316605.1	0.15	0.05	0.68	0.57	0.71
GCF_000521655.1	0.15	0.04	0.08	0.45	0.34
GCF_000834215.1	0.15	0.06	0.43	0.6	0.74
GCF_000015265.1	0.15	0.03	0.32	0.33	0.69
GCF_000018045.1	0.15	0.07	0.22	0.76	0.67
GCF_000235585.1	0.15	0.05	0.45	0.19	0.53
GCF_000027085.1	0.15	0.06	0.25	0.59	0.68
GCF_001271345.1	0.15	0.03	0.29	0.76	0.7
GCF_000005825.2	0.15	0.03	0.33	0.34	0.56
GCF_000817975.1	0.15	0.09	0.5	0.61	0.76
GCF_000940995.1	0.15	0.05	0.49	0.88	0.62
GCF_000179915.2	0.15	0.07	0.4	0.56	0.7
GCF_000165925.1	0.15	0.01	0.32	0.33	0.57
GCF_001693385.1	0.15	0.09	0.66	0.73	0.87
GCF_000019725.1	0.15	0.2	0.65	0.61	0.8
GCF_000005845.2	0.15	0.07	0.28	0.58	0.66
GCF_000009685.1	0.15	0.04	0	0.06	0.25
GCF_000009405.1	0.15	0.03	0.23	0.22	0.44
GCF_001559115.1	0.15	0.02	0.24	0.24	0.43
GCF_000009345.1	0.15	0.07	0.27	0.61	0.69
GCF_000758565.1	0.15	0.05	0.53	0.37	0.61
GCF_001047675.1	0.15	0.05	0.26	0.62	0.69
GCF_000422085.1	0.15	0.07	0.34	0.57	0.7
GCF_000014705.1	0.15	0.06	0.26	0.92	0.58
GCF_000058485.1	0.15	0.06	0.59	0.24	0.82
GCF_000253295.1	0.15	0.23	0.65	0.77	0.85
GCF_000184705.1	0.15	0.03	0.36	0.36	0.55
GCF_000018085.1	0.15	0.07	0.35	0.57	0.7
GCF_000022085.1	0.15	0.2	0.65	0.47	0.84
GCF_000185245.1	0.14	0.03	0.15	0.38	0.38
GCF_001005905.1	0.14	0.0	0.36	0.33	0.48
GCF_000512185.1	0.14	0.07	0.27	0.82	0.68
GCF_000026225.1	0.14	0.07	0.19	0.55	0.63
GCF_000219875.1	0.14	0.03	0.21	0.21	0.4
GCF_000255135.1	0.14	0.04	0	0.05	0.21
GCF_000009045.1	0.14	0.01	0.32	0.32	0.58
GCF_000007725.1	0.14	0.02	0.14	0.1	0.28
GCF_000011385.1	0.14	0.09	0.6	0.32	0.72
GCF_000061505.1	0.14	0.08	0.6	0.88	0.79
GCF_000723465.1	0.14	0.08	0.46	0.07	0.28
GCF_000020225.1	0.14	0.05	0.35	0.37	0.4
GCF_000241385.1	0.14	0.06	0.51	0.93	0.68
GCF_000473245.1	0.14	0.04	0.37	0.33	0.62
GCF_000317575.1	0.14	0.08	0.65	0.37	0.73
GCF_000739435.1	0.14	0.03	0.13	0.45	0.37
GCF_000648515.1	0.14	0.05	0.14	0.59	0.65
GCF_001022155.1	0.14	0.06	0.26	0.76	0.69
GCF_000145275.1	0.14	0.06	0.36	0.1	0.39
GCF_000016325.1	0.14	0.07	0.2	0.16	0.6
GCF_000217715.1	0.14	0.13	0.29	0.12	0.62
GCF_000017645.1	0.14	0.2	0.67	0.59	0.81
GCF_000012625.1	0.14	0.06	0.81	0.33	0.6
GCF_000024985.1	0.14	0.03	0.12	0.31	0.58
GCF_000829965.1	0.14	0.09	0.49	0.37	0.75
GCF_000023705.1	0.14	0.19	0.36	0.64	0.64
GCF_000178955.2	0.14	0.07	0.46	0.53	0.73
GCF_001318345.1	0.14	0.08	0.08	0.44	0.4
GCF_000829195.1	0.14	0.02	0.31	0.33	0.46
GCF_000015845.1	0.14	0.05	0.29	0.91	0.54
GCF_000146565.1	0.14	0.01	0.32	0.3	0.58
GCF_000828515.1	0.14	0.04	0.24	0.09	0.34
GCF_000294775.2	0.14	0.03	0.35	0.37	0.7
GCF_000153405.2	0.14	0.08	0.22	0.79	0.52
GCF_000237085.1	0.14	0.16	0.46	0.09	0.41
GCF_000327065.1	0.14	0.07	0.4	0.79	0.61
GCF_001029105.3	0.14	0.06	0.33	0.46	0.75
GCF_000011725.1	0.14	0.03	0.15	0.39	0.38
GCF_000021685.1	0.14	0.06	0.25	0.28	0.6
GCF_000009605.1	0.14	0.04	0.28	0.1	0.33
GCF_000225445.1	0.14	0.04	0.28	0.1	0.33
GCF_000521525.1	0.14	0.03	0.24	0.11	0.33
GCF_000178975.2	0.14	0.02	0.35	0.4	0.72
GCF_000296215.2	0.14	0.08	0.69	0.66	0.87
GCF_001456065.2	0.14	0.1	0.34	0.07	0.37
GCF_000807415.2	0.14	0.07	0.2	0.15	0.6
GCF_000689415.1	0.14	0.05	0.34	0.76	0.72
GCF_000494755.1	0.13	0.03	0.33	0.26	0.72
GCF_000008265.1	0.13	0.03	0.18	0.24	0.49
GCF_000021045.1	0.13	0.09	0.5	0.6	0.75
GCF_000196455.1	0.13	0.1	0.02	0.06	0.32
GCF_000008785.1	0.13	0.03	0.15	0.38	0.38
GCF_000023865.1	0.13	0.06	0.46	0.21	0.68
GCF_000190435.1	0.13	0.06	0.13	0.07	0.2
GCF_000011745.1	0.13	0.03	0.29	0.12	0.36
GCF_000185985.2	0.13	0.02	0.24	0.09	0.34
GCF_000013345.1	0.13	0.07	0.59	0.26	0.8
GCF_000008345.1	0.13	0.02	0.15	0.36	0.53
GCF_000316175.1	0.13	0.04	0.32	0.63	0.71
GCF_000286275.1	0.13	0.07	0.26	0.23	0.65
GCF_000632395.1	0.13	0.07	0.2	0.2	0.62
GCF_000015645.1	0.13	0.06	0.7	0.33	0.49
GCF_000018065.1	0.13	0.06	0.69	0.33	0.49
GCF_000012805.1	0.13	0.13	0.31	0.84	0.7
GCF_000014285.1	0.13	0.19	0.32	0.26	0.69
GCF_000485905.1	0.13	0.05	0.48	0.34	0.62
GCF_000014825.1	0.13	0.14	0.71	0.97	0.82
GCF_000213255.1	0.13	0.06	0.06	0.09	0.27
GCF_000013185.1	0.13	0.03	0.25	0.09	0.32
GCF_000154745.2	0.13	0.06	0.36	0.37	0.67
GCF_000244875.1	0.13	0.09	0.36	0.07	0.4
GCF_000020285.1	0.13	0.09	0.17	0.06	0.3
GCF_000225465.1	0.13	0.02	0.24	0.1	0.33
GCF_000017025.1	0.13	0.07	0.29	0.11	0.36
GCF_000263195.1	0.13	0.06	0.35	0.51	0.64
GCF_000147715.2	0.13	0.04	0.02	0.04	0.27
GCF_000737575.1	0.13	0.05	0.8	0.33	0.63
GCF_000227665.2	0.13	0.05	0.38	0.31	0.68
GCF_000195515.1	0.13	0.01	0.32	0.34	0.56
GCF_000007365.1	0.13	0.02	0.14	0.1	0.27
GCF_000009365.1	0.13	0.04	0.36	0.51	0.56
GCF_000020145.1	0.13	0.02	0	0.07	0.28
GCF_000376545.2	0.13	0.06	0.36	0.35	0.65
GCF_000015725.1	0.13	0.19	0.41	0.44	0.74
GCF_000023065.1	0.13	0.09	0.55	0.23	0.58
GCF_000025905.1	0.13	0.06	0.62	0.52	0.64
GCF_000014065.1	0.13	0.06	0.36	0.4	0.66
GCF_000317495.1	0.13	0.11	0.65	0.37	0.72
GCF_000017665.1	0.13	0.07	0.27	0.33	0.61
GCF_000330845.1	0.13	0.06	0.4	0.36	0.7
GCF_000347595.1	0.13	0.02	0	0.48	0.31
GCF_000024365.1	0.13	0.04	0.35	0.24	0.71
GCF_000043285.1	0.13	0.03	0.29	0.09	0.36
GCF_000204155.1	0.13	0.03	0.34	0.22	0.66
GCF_000219705.1	0.13	0.04	0.26	0.36	0.68
GCF_000317065.1	0.13	0.09	0.66	0.57	0.67
GCF_000982715.1	0.13	0.04	0.32	0.24	0.66
GCF_001277195.1	0.13	0.07	0.31	0.33	0.62
GCF_001277255.1	0.13	0.07	0.37	0.33	0.63
GCF_000010165.1	0.13	0.03	0.36	0.36	0.66
GCF_001553895.1	0.13	0.01	0.32	0.32	0.57
GCF_000143985.1	0.13	0.13	0.33	0.07	0.3
GCF_000306785.1	0.13	0.03	0.34	0.22	0.7
GCF_000237145.1	0.13	0.03	0.33	0.27	0.73
GCF_000284295.1	0.13	0.03	0.33	0.25	0.73
GCF_000015665.1	0.13	0.08	0.63	0.28	0.44
GCF_000247605.1	0.13	0.22	0.33	0.11	0.44
GCF_000007925.1	0.12	0.06	0.7	0.33	0.47
GCF_001022135.1	0.12	0.09	0.45	0.2	0.7
GCF_001661075.1	0.12	0.04	0.36	0.72	0.73
GCF_000284375.1	0.12	0.08	0.68	0.65	0.87
GCF_001432245.1	0.12	0.01	0.24	0.19	0.43
GCF_000319575.2	0.12	0.08	0.32	0.38	0.52
GCF_001677275.1	0.12	0.04	0.29	0.8	0.5
GCF_000019525.1	0.12	0.06	0.23	0.95	0.73
GCF_001308265.1	0.12	0.05	0.35	0.59	0.69
GCF_001189295.1	0.12	0.02	0.24	0.47	0.66
GCF_001579905.1	0.12	0.06	0.43	0.74	0.76
GCF_000511385.1	0.12	0.06	0.35	0.34	0.69
GCF_000299355.1	0.12	0.06	0.29	0.02	0.33
GCF_000187705.1	0.12	0.06	0.32	0.32	0.64
GCF_000014165.1	0.12	0.04	0.43	0.23	0.7
GCF_000143085.1	0.12	0.13	0.3	0.68	0.69
GCF_000026145.1	0.12	0.07	0.68	0.65	0.85
GCF_000020165.1	0.12	0.04	0.15	0.11	0.32
GCF_000018285.1	0.12	0.05	0.27	0.94	0.57
GCF_001182765.1	0.12	0.07	0.81	0.33	0.6
GCF_000473995.1	0.12	0.13	0.13	0.17	0.34
GCF_000757785.1	0.12	0.05	0.16	0.56	0.64
GCF_000473305.1	0.12	0.04	0	0.27	0.32
GCF_000006805.1	0.12	0.05	0.06	0.25	0.45
GCF_000013785.1	0.12	0.09	0.64	0.88	0.69
GCF_000287335.1	0.12	0.03	0.21	0.12	0.34
GCF_000009825.1	0.12	0.02	0.33	0.4	0.53
GCF_000025325.1	0.12	0.11	0.29	0.12	0.65
GCF_000632475.1	0.12	0.19	0.58	0.82	0.82
GCF_000513475.1	0.12	0.01	0.05	0.01	0.03
GCF_000696485.1	0.12	0.02	0.33	0.51	0.63
GCF_000008005.1	0.12	0.03	0.4	0.36	0.63
GCF_000011465.1	0.12	0.06	0.78	0.33	0.5
GCF_000389965.1	0.12	0.03	0.34	0.26	0.71
GCF_001050115.1	0.12	0.03	0.38	0.37	0.47
GCF_000196675.1	0.12	0.04	0.31	0.24	0.73
GCF_000758545.1	0.12	0.03	0.37	0.34	0.45
GCF_000828475.1	0.12	0.17	0.38	0.61	0.71
GCF_000828815.1	0.12	0.02	0.23	0.09	0.33
GCF_000009285.1	0.12	0.05	0.41	0.76	0.77
GCF_000196015.1	0.12	0.06	0.39	0.76	0.76
GCF_001655615.1	0.12	0.05	0.4	0.38	0.71
GCF_000815025.1	0.12	0.03	0.09	0.13	0.26
GCF_000016985.1	0.12	0.16	0.36	0.22	0.46
GCF_000724505.1	0.12	0.07	0.2	0.19	0.62
GCF_000007565.2	0.12	0.03	0.32	0.49	0.71
GCF_000332735.1	0.12	0.01	0.25	0.2	0.41
GCF_000012405.1	0.12	0.03	0.38	0.24	0.65
GCF_000953015.1	0.12	0.19	0.38	0.36	0.59
GCF_000953435.1	0.12	0.02	0.09	0.1	0.29
GCF_000196835.1	0.12	0.05	0.34	0.29	0.72
GCF_000025565.1	0.12	0.07	0.2	0.2	0.62
GCF_000023605.1	0.12	0.06	0.2	0.43	0.63
GCF_000024645.1	0.12	0.06	0.2	0.43	0.63
GCF_000218915.1	0.12	0.05	0.33	0.33	0.68
GCF_000521605.1	0.11	0.03	0.08	0.45	0.33
GCF_000259175.1	0.11	0.06	0.2	0.56	0.59
GCF_000023965.1	0.11	0.08	0.31	0.25	0.58
GCF_000219175.1	0.11	0.04	0.18	0.01	0.26
GCF_000963495.1	0.11	0.05	0.41	0.64	0.75
GCF_001305595.1	0.11	0.2	0.53	0.78	0.83
GCF_000698865.1	0.11	0.04	0.39	0.42	0.72
GCF_001652505.1	0.11	0.07	0.2	0.21	0.63
GCF_000018105.1	0.11	0.11	0.67	0.65	0.77
GCF_001017655.1	0.11	0.02	0.08	0.06	0.24
GCF_000092365.1	0.11	0.01	0	0.5	0.38
GCF_000015165.1	0.11	0.07	0.68	0.76	0.86
GCF_000239975.1	0.11	0.07	0.2	0.2	0.62
GCF_001586255.1	0.11	0.03	0.41	0.63	0.59
GCF_000317085.1	0.11	0.09	0.73	0.34	0.65
GCF_001481725.1	0.11	0.22	0.35	0.05	0.36
GCF_000014565.1	0.11	0.04	0.34	0.22	0.72
GCF_000226295.1	0.11	0.09	0.46	0.62	0.59
GCF_000092425.1	0.11	0.04	0.39	0.39	0.66
GCF_000144645.1	0.11	0.15	0	0.06	0.22
GCF_000196815.1	0.11	0.07	0.34	0.54	0.69
GCF_000306765.2	0.11	0.11	0.31	0.28	0.57
GCF_001578185.1	0.11	0.05	0.39	0.31	0.63
GCF_000328685.1	0.11	0.12	0.27	0.18	0.63
GCF_000176035.2	0.11	0.09	0.61	0.49	0.79
GCF_000014905.1	0.11	0.06	0.33	0.69	0.75
GCF_000010525.1	0.11	0.06	0.68	0.49	0.78
GCF_000241875.1	0.11	0.02	0.29	0.22	0.37
GCF_001026985.1	0.11	0.06	0.28	0.63	0.7
GCF_000349765.1	0.11	0.02	0	0.48	0.28
GCF_000342265.1	0.11	0.07	0.3	0.45	0.62
GCF_000020585.3	0.11	0.04	0.27	0.65	0.5
GCF_000025085.1	0.11	0.01	0.23	0.17	0.39
GCF_000281695.1	0.11	0.12	0.22	0.12	0.54
GCF_000023265.1	0.11	0.03	0.27	0.33	0.55
GCF_000511355.1	0.11	0.06	0.32	0.61	0.74
GCF_000013885.1	0.11	0.02	0.4	0.59	0.71
GCF_000981505.1	0.11	0.07	0.4	0.41	0.56
GCF_000014125.1	0.11	0.03	0.04	0.06	0.2
GCF_000252445.1	0.11	0.04	0.45	0.31	0.69
GCF_000734975.2	0.1	0.04	0.34	0.4	0.67
GCF_000176835.2	0.1	0.06	0.26	0.57	0.69
GCF_000585995.1	0.1	0.04	0.3	0.71	0.74
GCF_000019125.1	0.1	0.03	0.26	0.61	0.68
GCF_000025685.1	0.1	0.07	0.28	0.28	0.6
GCF_001586155.1	0.1	0.04	0.31	0.65	0.72
GCF_001559255.1	0.1	0.06	0.38	0.56	0.7
GCF_000828895.1	0.1	0.05	0.3	0.33	0.64
GCF_000340435.2	0.1	0.04	0.42	0.31	0.71
GCF_000230895.2	0.1	0.05	0.33	0.23	0.74
GCF_000367205.1	0.1	0.01	0.29	0.37	0.54
GCF_000800395.1	0.1	0.03	0.39	0.37	0.62
GCF_000973505.1	0.1	0.04	0.28	0.12	0.34
GCF_001304715.1	0.1	0.09	0.36	0.09	0.33
GCF_000015965.1	0.1	0.06	0.7	0.33	0.49
GCF_000195315.1	0.1	0.0	0.06	0.1	0.11
GCF_000017885.4	0.1	0.01	0.35	0.34	0.52
GCF_000143145.1	0.1	0.19	0.4	0.39	0.72
GCF_001634365.1	0.1	0.06	0.35	0.6	0.71
GCF_000090965.1	0.1	0.01	0.14	0.1	0.26
GCF_000284015.1	0.1	0.05	0.35	0.25	0.69
GCF_000600005.1	0.1	0.06	0.33	0.12	0.51
GCF_000789395.1	0.1	0.02	0.02	0.11	0.27
GCF_000091325.1	0.1	0.05	0.27	0.86	0.61
GCF_001654495.1	0.1	0.04	0.42	0.22	0.72
GCF_000190535.1	0.1	0.04	0	0.11	0.33
GCF_000706685.1	0.1	0.01	0.23	0.19	0.41
GCF_000219215.1	0.1	0.04	0.42	0.69	0.78
GCF_000590495.2	0.1	0.04	0.32	0.58	0.74
GCF_000834395.1	0.1	0.06	0.27	0.62	0.66
GCF_000019045.1	0.1	0.04	0.37	0.4	0.47
GCF_000757825.1	0.1	0.05	0.14	0.63	0.65
GCF_001642655.1	0.1	0.06	0.38	0.1	0.31
GCF_000520015.2	0.1	0.06	0.27	0.65	0.69
GCF_001644665.1	0.1	0.06	0.01	0.08	0.29
GCF_000017865.1	0.1	0.02	0	0.05	0.25
GCF_001439585.2	0.1	0.04	0.38	0.34	0.62
GCF_000166415.1	0.1	0.22	0.12	0.1	0.31
GCF_001586165.1	0.1	0.05	0.24	0.55	0.62
GCF_000262165.1	0.1	0.03	0.42	0.21	0.71
GCF_000317835.1	0.1	0.03	0.35	0.3	0.66
GCF_000165835.1	0.1	0.04	0.33	0.59	0.77
GCF_001010805.1	0.09	0.03	0.37	0.64	0.55
GCF_000022565.1	0.09	0.09	0.42	0.59	0.66
GCF_000471925.1	0.09	0.04	0.42	0.72	0.78
GCF_000203875.1	0.09	0.04	0.31	0.78	0.75
GCF_000012845.1	0.09	0.03	0.12	0.47	0.36
GCF_001028645.1	0.09	0.01	0.23	0.14	0.39
GCF_000284515.1	0.09	0.02	0.4	0.34	0.47
GCF_000410575.1	0.09	0.03	0.26	0.61	0.68
GCF_000007645.1	0.09	0.01	0.24	0.21	0.4
GCF_000224675.1	0.09	0.07	0.2	0.19	0.6
GCF_000152245.2	0.09	0.19	0.36	0.05	0.33
GCF_001644565.1	0.09	0.03	0.35	0.29	0.63
GCF_000237305.1	0.09	0.04	0.42	0.24	0.72
GCF_000009205.1	0.09	0.09	0.04	0.14	0.3
GCF_000725385.1	0.09	0.04	0.26	0.75	0.7
GCF_000009885.1	0.09	0.07	0.25	0.36	0.67
GCF_000498975.2	0.09	0.04	0.35	0.48	0.69
GCF_000010305.1	0.09	0.04	0.2	0.53	0.61
GCF_000093025.1	0.09	0.18	0.31	0.68	0.72
GCF_000724485.1	0.09	0.05	0.36	0.41	0.62
GCF_000011145.1	0.09	0.03	0.37	0.36	0.55
GCF_000953635.1	0.09	0.04	0.21	0.56	0.5
GCF_000236065.1	0.09	0.18	0.41	0.55	0.78
GCF_000091305.1	0.09	0.04	0.31	0.26	0.72
GCF_001298525.1	0.09	0.03	0.25	0.34	0.53
GCF_000007765.1	0.09	0.02	0.04	0.09	0.31
GCF_000215745.1	0.09	0.07	0.36	0.6	0.71
GCF_000025965.1	0.09	0.04	0.33	0.87	0.67
GCF_000743945.1	0.09	0.04	0.22	0.3	0.47
GCF_000517405.1	0.09	0.03	0.15	0.18	0.39
GCF_000590455.1	0.09	0.01	0.35	0.34	0.52
GCF_000800825.1	0.09	0.01	0.38	0.34	0.49
GCF_000508205.1	0.09	0.04	0.33	0.53	0.75
GCF_000317875.1	0.09	0.02	0.16	0.39	0.35
GCF_000723505.1	0.09	0.02	0	0.3	0.24
GCF_000800295.1	0.09	0.0	0	0.04	0.18
GCF_000218895.1	0.09	0.05	0.32	0.5	0.69
GCF_000146065.2	0.09	0.01	0	0.08	0.2
GCF_001281505.1	0.09	0.02	0.09	0.15	0.35
GCF_000279165.1	0.09	0.04	0.4	0.8	0.73
GCF_000313175.2	0.09	0.03	0.34	0.4	0.62
GCF_000153165.2	0.09	0.04	0.3	0.55	0.61
GCF_000021365.1	0.09	0.04	0.27	0.47	0.71
GCF_000179635.2	0.09	0.09	0.24	0.07	0.23
GCF_000196895.1	0.09	0.11	0.29	0.25	0.62
GCF_000024085.1	0.09	0.03	0.22	0.39	0.53
GCF_000022205.1	0.08	0.08	0.31	0.25	0.57
GCF_000240325.1	0.08	0.08	0.46	0.25	0.73
GCF_000013945.1	0.08	0.03	0.33	0.4	0.64
GCF_000013745.1	0.08	0.13	0.62	0.89	0.79
GCF_000246855.1	0.08	0.05	0.4	0.4	0.74
GCF_000739375.1	0.08	0.04	0.32	0.54	0.73
GCF_001302585.1	0.08	0.03	0.31	0.26	0.75
GCF_000812665.2	0.08	0.06	0.24	0.59	0.64
GCF_000010805.1	0.08	0.08	0.33	0.22	0.72
GCF_000236685.1	0.08	0.08	0.24	0.18	0.3
GCF_001314995.1	0.08	0.08	0.08	0.49	0.4
GCF_001558475.1	0.08	0.03	0.22	0.77	0.46
GCF_000283655.1	0.08	0.2	0.52	0.66	0.76
GCF_000367425.1	0.08	0.07	0.25	0.37	0.67
GCF_001688665.1	0.08	0.08	0.35	0.13	0.45
GCF_000724775.3	0.08	0.02	0.21	0.38	0.51
GCF_000316685.1	0.08	0.08	0.66	0.56	0.55
GCF_000010005.1	0.08	0.04	0.09	0.08	0.14
GCF_000183135.1	0.08	0.07	0.53	0.45	0.5
GCF_000247715.1	0.08	0.04	0.44	0.25	0.67
GCF_001548015.1	0.08	0.2	0.65	0.62	0.78
GCF_000016345.1	0.08	0.07	0.4	0.66	0.68
GCF_000021325.1	0.08	0.06	0.63	0.63	0.76
GCF_001553955.1	0.08	0.04	0.23	0.32	0.57
GCF_000165465.1	0.08	0.02	0	0.11	0.24
GCF_000212735.1	0.08	0.04	0.34	0.37	0.69
GCF_000972245.3	0.08	0.03	0.33	0.31	0.61
GCF_001558415.1	0.08	0.04	0.27	0.82	0.55
GCF_000512915.1	0.08	0.07	0.07	0.09	0.36
GCF_000022525.1	0.08	0.01	0.12	0.38	0.33
GCF_000166135.1	0.08	0.05	0.44	0.23	0.75
GCF_000012445.1	0.08	0.05	0.43	0.51	0.75
GCF_000019945.1	0.08	0.2	0.66	0.57	0.78
GCF_000009305.1	0.08	0.02	0.16	0.39	0.36
GCF_000025805.1	0.08	0.04	0.35	0.37	0.59
GCF_000013565.1	0.08	0.12	0.55	0.43	0.73
GCF_000147335.1	0.08	0.14	0.67	0.4	0.79
GCF_000550805.1	0.08	0.03	0.47	0.31	0.49
GCF_000016185.1	0.08	0.1	0.55	0.79	0.71
GCF_001021045.1	0.08	0.02	0.36	0.29	0.43
GCF_000265365.1	0.08	0.08	0	0.04	0.28
GCF_000196275.1	0.08	0.03	0.31	0.38	0.67
GCF_000517625.1	0.08	0.11	0.32	0.15	0.62
GCF_000973545.1	0.08	0.04	0.28	0.09	0.35
GCF_000344805.1	0.08	0.07	0.68	0.74	0.88
GCF_000336425.1	0.07	0.05	0.34	0.59	0.69
GCF_000219535.2	0.07	0.04	0.38	0.34	0.69
GCF_001278845.1	0.07	0.03	0.04	0.3	0.31
GCF_000008485.1	0.07	0.02	0.17	0.62	0.46
GCF_001590615.1	0.07	0.02	0.22	0.49	0.53
GCF_000026125.1	0.07	0.04	0.27	0.54	0.7
GCF_000019845.1	0.07	0.06	0.6	0.66	0.8
GCF_000287215.2	0.07	0.05	0.27	0.79	0.68
GCF_000283575.1	0.07	0.09	0.09	0.05	0.29
GCF_000020685.1	0.07	0.02	0.33	0.29	0.68
GCF_000214355.1	0.07	0.1	0.43	0.11	0.3
GCF_000093145.3	0.07	0.04	0.32	0.74	0.75
GCF_000214175.1	0.07	0.04	0.32	0.23	0.68
GCF_001687665.2	0.07	0.02	0.34	0.34	0.49
GCF_000016905.1	0.07	0.02	0	0.05	0.24
GCF_000767275.2	0.07	0.03	0	0.1	0.32
GCF_000091785.1	0.07	0.04	0.24	0.39	0.54
GCF_000233435.1	0.07	0.03	0.25	0.28	0.18
GCF_000317555.1	0.07	0.09	0.67	0.37	0.74
GCF_000993785.2	0.07	0.04	0.32	0.21	0.68
GCF_000184345.1	0.07	0.06	0.26	0.16	0.32
GCF_000013905.1	0.07	0.04	0.22	0.38	0.59
GCF_000512355.1	0.07	0.03	0.17	0.33	0.48
GCF_001605965.1	0.07	0.04	0.35	0.51	0.68
GCF_001655245.1	0.07	0.04	0.43	0.23	0.7
GCF_000008765.1	0.07	0.06	0.42	0.16	0.36
GCF_000006765.1	0.07	0.04	0.4	0.8	0.74
GCF_000017205.1	0.07	0.04	0.4	0.81	0.74
GCF_000349845.1	0.07	0.04	0.25	0.72	0.69
GCF_000092265.1	0.07	0.03	0.15	0.34	0.49
GCF_001275365.1	0.07	0.04	0.08	0.05	0.29
GCF_000010725.1	0.07	0.07	0.58	0.66	0.81
GCF_000953695.1	0.07	0.04	0.24	0.8	0.47
GCF_000235405.2	0.07	0.04	0	0.08	0.3
GCF_001687805.1	0.07	0.04	0.29	0.84	0.5
GCF_001010785.1	0.07	0.04	0.31	0.54	0.73
GCF_001465545.3	0.07	0.04	0.33	0.45	0.75
GCF_000632805.1	0.07	0.04	0.26	0.86	0.74
GCF_000177615.2	0.07	0.05	0.51	0.25	0.72
GCF_000009125.1	0.07	0.05	0.32	0.41	0.71
GCF_000444875.1	0.07	0.04	0.34	0.27	0.72
GCF_001678905.1	0.06	0.01	0.31	0.31	0.44
GCF_000196875.1	0.06	0.03	0.31	0.52	0.64
GCF_000215325.1	0.06	0.04	0.3	0.41	0.72
GCF_001267175.1	0.06	0.02	0.22	0.55	0.44
GCF_001442815.1	0.06	0.02	0.29	0.24	0.48
GCF_000010105.1	0.06	0.03	0.35	0.23	0.7
GCF_000020045.1	0.06	0.21	0.55	0.45	0.82
GCF_001688625.1	0.06	0.11	0.39	0.16	0.35
GCF_000009745.1	0.06	0.03	0.28	0.93	0.55
GCF_000014145.1	0.06	0.04	0.29	0.59	0.65
GCF_000013025.1	0.06	0.03	0.34	0.39	0.62
GCF_001499655.1	0.06	0.01	0.15	0.26	0.47
GCF_000277715.1	0.06	0.04	0.02	0.5	0.45
GCF_000162235.2	0.06	0.02	0.07	0.09	0.2
GCF_900011245.1	0.06	0.05	0.45	0.78	0.78
GCF_000196095.1	0.06	0.03	0.29	0.95	0.54
GCF_000709555.1	0.06	0.0	0.12	0.35	0.08
GCF_001553935.1	0.06	0.04	0.22	0.14	0.45
GCF_001021385.1	0.06	0.04	0.37	0.22	0.72
GCF_000402035.1	0.06	0.17	0.43	0.55	0.77
GCF_000019445.1	0.06	0.04	0.35	0.72	0.69
GCF_000441555.1	0.06	0.03	0.19	0.08	0.28
GCF_000972765.1	0.06	0.03	0.32	0.58	0.54
GCF_000973625.1	0.06	0.13	0.54	0.36	0.64
GCF_000091465.1	0.06	0.03	0.34	0.8	0.54
GCF_000304215.1	0.06	0.01	0.13	0.0	0.16
GCF_000217635.1	0.06	0.05	0.14	0.1	0.18
GCF_001507665.1	0.06	0.03	0.36	0.39	0.6
GCF_001606025.1	0.06	0.04	0.24	0.38	0.61
GCF_001189495.1	0.06	0.05	0.12	0.11	0.23
GCF_000024105.1	0.06	0.01	0	0.21	0.14
GCF_000147075.1	0.06	0.08	0.47	0.16	0.37
GCF_000961095.1	0.06	0.03	0.36	0.33	0.6
GCF_000145035.1	0.06	0.13	0.09	0.07	0.23
GCF_001023575.1	0.06	0.1	0.36	0.29	0.64
GCF_000008385.1	0.06	0.02	0.13	0.36	0.31
GCF_000016645.1	0.06	0.04	0.33	0.45	0.72
GCF_000172995.2	0.06	0.11	0.27	0.28	0.61
GCF_000305785.2	0.06	0.02	0.26	0.89	0.53
GCF_000013865.1	0.06	0.05	0.41	0.35	0.76
GCF_000007685.1	0.06	0.03	0.34	0.4	0.63
GCF_000024785.1	0.06	0.03	0.33	0.22	0.67
GCF_000011945.1	0.06	0.03	0.17	0.35	0.33
GCF_001433955.1	0.06	0.03	0.08	0.03	0.2
GCF_000525635.1	0.06	0.04	0.34	0.21	0.75
GCF_001186335.1	0.06	0.04	0.31	0.53	0.7
GCF_000055785.1	0.06	0.06	0.25	0.15	0.6
GCF_001025195.1	0.06	0.01	0.13	0.02	0.13
GCF_000018005.1	0.06	0.07	0.59	0.27	0.8
GCF_000283475.1	0.06	0.04	0.39	0.41	0.74
GCF_001187505.1	0.06	0.04	0.43	0.22	0.7
GCF_000020205.1	0.06	0.04	0.4	0.63	0.74
GCF_000973105.1	0.06	0.05	0.33	0.5	0.53
GCF_000025265.1	0.06	0.04	0.4	0.31	0.68
GCF_000155675.2	0.06	0.05	0.44	0.38	0.72
GCF_000024285.1	0.06	0.02	0.43	0.19	0.45
GCF_000024065.1	0.06	0.04	0.31	0.33	0.59
GCF_000185885.1	0.06	0.01	0.23	0.19	0.45
GCF_000091725.1	0.05	0.03	0.21	0.19	0.53
GCF_000011805.1	0.05	0.05	0.23	0.79	0.5
GCF_000196495.1	0.05	0.03	0.31	0.78	0.51
GCF_000186385.1	0.05	0.02	0.37	0.27	0.5
GCF_000144625.1	0.05	0.04	0.13	0.11	0.35
GCF_001011155.1	0.05	0.06	0.34	0.68	0.71
GCF_000732945.1	0.05	0.0	0.22	0.32	0.37
GCF_000758665.1	0.05	0.05	0.56	0.37	0.59
GCF_001412575.1	0.05	0.07	0.49	0.54	0.73
GCF_000013085.1	0.05	0.14	0.46	0.6	0.7
GCF_000025205.1	0.05	0.01	0.1	0.1	0.08
GCF_000008565.1	0.05	0.05	0.36	0.36	0.65
GCF_000550765.1	0.05	0.03	0.32	0.71	0.64
GCF_000830985.1	0.05	0.02	0.21	0.21	0.52
GCF_000020605.1	0.05	0.09	0.17	0.07	0.23
GCF_000213235.1	0.05	0.12	0.02	0.1	0.17
GCF_000175935.2	0.05	0.09	0.56	0.63	0.78
GCF_000024825.1	0.05	0.03	0.27	0.95	0.53
GCF_000021025.1	0.05	0.03	0.28	0.72	0.65
GCF_000163055.2	0.05	0.02	0.04	0.37	0.24
GCF_000008025.1	0.05	0.03	0.17	0.35	0.32
GCF_000017545.1	0.05	0.03	0	0.08	0.29
GCF_000013645.1	0.05	0.2	0.66	0.55	0.85
GCF_000319225.1	0.05	0.06	0.08	0.05	0.29
GCF_000503895.1	0.05	0.19	0.35	0.76	0.73
GCF_000010205.1	0.05	0.02	0.14	0.36	0.33
GCF_000063545.1	0.05	0.02	0.14	0.38	0.31
GCF_000013365.1	0.05	0.1	0.72	0.74	0.78
GCF_000017705.1	0.05	0.03	0.3	0.76	0.53
GCF_001007995.1	0.05	0.03	0.36	0.35	0.62
GCF_000016205.1	0.05	0.09	0.65	0.45	0.83
GCF_000283535.1	0.05	0.06	0.3	0.33	0.72
GCF_000196355.1	0.05	0.04	0.31	0.69	0.65
GCF_000017605.1	0.05	0.03	0.29	0.48	0.64
GCF_000816845.1	0.05	0.18	0.59	0.72	0.85
GCF_000026105.1	0.05	0.05	0.41	0.49	0.7
GCF_000412265.2	0.05	0.04	0.42	0.2	0.71
GCF_000013165.1	0.05	0.01	0.12	0.38	0.32
GCF_001007935.1	0.05	0.07	0.3	0.79	0.66
GCF_001636015.1	0.05	0.03	0.21	0.46	0.5
GCF_000093165.1	0.05	0.03	0.15	0.3	0.13
GCF_000376585.1	0.05	0.03	0.2	0.33	0.33
GCF_000025185.1	0.05	0.17	0.35	0.6	0.7
GCF_000767465.1	0.05	0.04	0.43	0.69	0.72
GCF_001412535.1	0.05	0.12	0.57	0.48	0.75
GCF_001466725.1	0.05	0.03	0.26	0.8	0.54
GCF_000010425.1	0.05	0.01	0.13	0.08	0.13
GCF_000255355.1	0.05	0.02	0.09	0.35	0.27
GCF_001263395.1	0.05	0.0	0.12	0.1	0.1
GCF_000832305.1	0.05	0.04	0.41	0.42	0.75
GCF_001305675.1	0.05	0.02	0.34	0.23	0.68
GCF_001688965.1	0.05	0.05	0.16	0.13	0.3
GCF_000706765.1	0.05	0.0	0.17	0.0	0.18
GCF_000746525.1	0.05	0.05	0.25	0.72	0.71
GCF_001025215.1	0.05	0.01	0.15	0.02	0.17
GCF_000695235.1	0.05	0.08	0.4	0.2	0.71
GCF_000024445.1	0.05	0.01	0.15	0.0	0.15
GCF_001050475.1	0.05	0.01	0.06	0.04	0.14
GCF_000013985.1	0.05	0.04	0.33	0.69	0.7
GCF_000013705.1	0.05	0.18	0.51	0.17	0.68
GCF_000158275.2	0.04	0.03	0.08	0.1	0.18
GCF_000219725.1	0.04	0.03	0.11	0.09	0.24
GCF_000299095.1	0.04	0.09	0.16	0.39	0.48
GCF_000023905.1	0.04	0.05	0.07	0.14	0.15
GCF_000025305.1	0.04	0.02	0.06	0.09	0.24
GCF_000185905.1	0.04	0.2	0.61	0.37	0.79
GCF_000091125.1	0.04	0.08	0.33	0.69	0.7
GCF_000011245.1	0.04	0.05	0.4	0.32	0.47
GCF_000267545.1	0.04	0.07	0.36	0.79	0.6
GCF_000092925.1	0.04	0.18	0.3	0.71	0.7
GCF_000242635.2	0.04	0.03	0.22	0.59	0.63
GCF_000816085.1	0.04	0.01	0.28	0.2	0.45
GCF_000007625.1	0.04	0.08	0.03	0.11	0.27
GCF_000178115.2	0.04	0.08	0.31	0.14	0.31
GCF_000772105.1	0.04	0.04	0.28	0.76	0.53
GCF_000270205.1	0.04	0.04	0	0.06	0.07
GCF_000283555.1	0.04	0.0	0	0.06	0.09
GCF_000018845.1	0.04	0.21	0.67	0.59	0.78
GCF_000227705.2	0.04	0.06	0.32	0.35	0.57
GCF_000023745.1	0.04	0.19	0.32	0.43	0.69
GCF_000017265.1	0.04	0.07	0.31	0.54	0.69
GCF_000190575.1	0.04	0.02	0.08	0.08	0.32
GCF_001077715.1	0.04	0.02	0.08	0.15	0.3
GCF_000763535.1	0.04	0.04	0.27	0.77	0.61
GCF_000007785.1	0.04	0.02	0.02	0.06	0.18
GCF_000180175.2	0.04	0.05	0.4	0.55	0.6
GCF_000331995.1	0.04	0.11	0.34	0.11	0.27
GCF_000632985.1	0.04	0.01	0.11	0.38	0.33
GCF_000266885.1	0.04	0.02	0.36	0.59	0.64
GCF_001078055.1	0.04	0.04	0.31	0.51	0.58
GCF_000347695.1	0.04	0.01	0.13	0.08	0.14
GCF_000968195.1	0.04	0.05	0.23	0.28	0.53
GCF_000222485.1	0.04	0.03	0.25	0.4	0.55
GCF_000164965.1	0.04	0.07	0.05	0.0	0.09
GCF_001455085.1	0.04	0.06	0.3	0.06	0.24
GCF_000020665.1	0.04	0.04	0.22	0.4	0.6
GCF_000264455.2	0.04	0.02	0.42	0.52	0.73
GCF_000013125.1	0.04	0.02	0.12	0.33	0.3
GCF_000262715.1	0.04	0.03	0.15	0.3	0.13
GCF_001580455.1	0.04	0.04	0.31	0.65	0.75
GCF_000284155.1	0.04	0.01	0.17	0.4	0.3
GCF_000590475.1	0.04	0.04	0.42	0.69	0.72
GCF_000412695.1	0.04	0.04	0.32	0.61	0.71
GCF_000186225.1	0.04	0.05	0.09	0.13	0.31
GCF_000755705.1	0.04	0.02	0	0.06	0.21
GCF_000348805.1	0.04	0.02	0.19	0.3	0.14
GCF_000730385.1	0.04	0.04	0.37	0.63	0.56
GCF_000706725.1	0.04	0.02	0.42	0.34	0.48
GCF_000015545.1	0.04	0.05	0.31	0.64	0.71
GCF_000010125.1	0.04	0.03	0.28	0.11	0.33
GCF_000960975.1	0.04	0.06	0.59	0.68	0.77
GCF_000010185.1	0.04	0.01	0	0.05	0.2
GCF_000155735.2	0.04	0.06	0.45	0.38	0.66
GCF_000007025.1	0.04	0.02	0.17	0.38	0.31
GCF_000012565.1	0.04	0.02	0.17	0.35	0.33
GCF_000013145.1	0.04	0.02	0.17	0.38	0.33
GCF_000024505.1	0.04	0.02	0.17	0.35	0.33
GCF_000026005.1	0.04	0.02	0.19	0.35	0.33
GCF_000508225.1	0.04	0.02	0.18	0.35	0.33
GCF_000632845.1	0.04	0.02	0.17	0.35	0.33
GCF_000179015.2	0.04	0.05	0.32	0.58	0.72
GCF_000060285.1	0.04	0.01	0.27	0.14	0.29
GCF_000007525.1	0.04	0.01	0.13	0.0	0.12
GCF_000022605.2	0.04	0.0	0.27	0.3	0.18
GCF_001534645.1	0.04	0.01	0.22	0.36	0.53
GCF_000236405.1	0.03	0.2	0.14	0.43	0.12
GCF_000178835.2	0.03	0.06	0.58	0.08	0.39
GCF_000072485.1	0.03	0.04	0.16	0.41	0.57
GCF_000223885.1	0.03	0.04	0.22	0.51	0.59
GCF_000025625.1	0.03	0.07	0.33	0.15	0.52
GCF_000943805.1	0.03	0.07	0.33	0.69	0.73
GCF_000023405.1	0.03	0.01	0.32	0.26	0.5
GCF_001628715.1	0.03	0.04	0.33	0.63	0.61
GCF_000834255.1	0.03	0.05	0.27	0.6	0.66
GCF_000009185.1	0.03	0.08	0.35	0.29	0.59
GCF_000159155.2	0.03	0.01	0.12	0.1	0.08
GCF_000024665.1	0.03	0.06	0.41	0.09	0.4
GCF_001263175.1	0.03	0.02	0.14	0.58	0.5
GCF_000212335.1	0.03	0.05	0.41	0.71	0.59
GCF_000966445.2	0.03	0.01	0.13	0.03	0.13
GCF_000196475.1	0.03	0.06	0.31	0.21	0.59
GCF_000954135.1	0.03	0.05	0.41	0.41	0.75
GCF_000499665.2	0.03	0.01	0.16	0.38	0.29
GCF_000511305.1	0.03	0.03	0.34	0.24	0.66
GCF_000021425.1	0.03	0.01	0.16	0.12	0.15
GCF_001535545.1	0.03	0.03	0.33	0.39	0.49
GCF_000008605.1	0.03	0.03	0.05	0.02	0.05
GCF_000591055.1	0.03	0.07	0.38	0.19	0.58
GCF_000306885.1	0.03	0.02	0.13	0.36	0.3
GCF_001563285.1	0.03	0.03	0.32	0.69	0.69
GCF_000148935.1	0.03	0.05	0.36	0.48	0.68
GCF_000006745.1	0.03	0.04	0.26	0.77	0.52
GCF_000340905.1	0.03	0.04	0.09	0.05	0.24
GCF_000319245.1	0.03	0.04	0.07	0.05	0.26
GCF_000758265.1	0.03	0.05	0.35	0.74	0.74
GCF_001274595.1	0.03	0.04	0.16	0.4	0.57
GCF_000010585.1	0.03	0.1	0.27	0.38	0.45
GCF_000008185.1	0.03	0.01	0.01	0.08	0.14
GCF_000725285.1	0.03	0.03	0.23	0.33	0.49
GCF_000284115.1	0.03	0.04	0.4	0.33	0.58
GCF_001308105.1	0.03	0.07	0.34	0.59	0.59
GCF_001484065.1	0.03	0.04	0.32	0.37	0.7
GCF_000006965.1	0.03	0.11	0.58	0.74	0.82
GCF_000213865.1	0.03	0.01	0.13	0.0	0.12
GCF_001483385.1	0.03	0.01	0.21	0.37	0.37
GCF_001027285.1	0.03	0.04	0.31	0.49	0.76
GCF_001465275.1	0.03	0.04	0.41	0.38	0.58
GCF_000046685.1	0.03	0.01	0.1	0.12	0.29
GCF_000240075.2	0.03	0.04	0.12	0.49	0.45
GCF_000006845.1	0.03	0.02	0.09	0.29	0.46
GCF_000772045.1	0.03	0.02	0.32	0.25	0.68
GCF_000010145.1	0.03	0.01	0.14	0.11	0.14
GCF_000192845.1	0.03	0.03	0.31	0.49	0.7
GCF_000204565.1	0.03	0.03	0.04	0.06	0.2
GCF_000010085.1	0.03	0.03	0.23	0.18	0.44
GCF_000093065.1	0.03	0.24	0.11	0.07	0.09
GCF_000163895.2	0.03	0.0	0	0.09	0.12
GCF_001465255.1	0.03	0.02	0.4	0.38	0.65
GCF_000340865.1	0.03	0.04	0.07	0.05	0.25
GCF_001444365.1	0.03	0.03	0.27	0.77	0.62
GCF_001640865.1	0.02	0.09	0.08	0.16	0.36
GCF_000325745.1	0.02	0.0	0.21	0.07	0.36
GCF_000006645.1	0.02	0.05	0.27	0.48	0.67
GCF_001653935.1	0.02	0.04	0.33	0.52	0.73
GCF_000204295.1	0.02	0.05	0.35	0.66	0.71
GCF_000193395.1	0.02	0.01	0	0.36	0.3
GCF_000961515.1	0.02	0.04	0.33	0.55	0.77
GCF_000238215.1	0.02	0.0	0	0.32	0.18
GCF_000284275.1	0.02	0.07	0.69	0.8	0.87
GCF_000021285.1	0.02	0.03	0	0.1	0.28
GCF_000447675.1	0.02	0.01	0.03	0.08	0.22
GCF_000012825.1	0.02	0.09	0.08	0.16	0.34
GCF_001431725.1	0.02	0.04	0.3	0.65	0.73
GCF_000242595.2	0.02	0.05	0.12	0.14	0.29
GCF_000785495.1	0.02	0.03	0.35	0.21	0.71
GCF_000949425.1	0.02	0.03	0.37	0.37	0.52
GCF_000023125.1	0.02	0.04	0.33	0.36	0.7
GCF_000012385.1	0.02	0.01	0.18	0.36	0.33
GCF_000017145.1	0.02	0.12	0.6	0.73	0.83
GCF_000009925.1	0.02	0.05	0.02	0.49	0.34
GCF_000219105.1	0.02	0.03	0.33	0.51	0.7
GCF_000730425.1	0.02	0.04	0.33	0.61	0.72
GCF_000283615.1	0.02	0.0	0.16	0.05	0.14
GCF_001262055.1	0.02	0.0	0	0.03	0.29
GCF_000747525.1	0.02	0.03	0.38	0.54	0.57
GCF_000739085.1	0.02	0.03	0.32	0.21	0.72
GCF_000829315.1	0.02	0.03	0.17	0.35	0.32
GCF_000146185.1	0.02	0.08	0.25	0.07	0.22
GCF_001293045.1	0.02	0.17	0.3	0.5	0.74
GCF_000015365.1	0.02	0.07	0.33	0.63	0.6
GCF_000253035.1	0.02	0.13	0.1	0.42	0.54
GCF_000148685.1	0.02	0.17	0.32	0.5	0.77
GCF_000023025.1	0.02	0.05	0.71	0.44	0.64
GCF_000010265.1	0.02	0.05	0.37	0.09	0.33
GCF_000330865.1	0.02	0.05	0.34	0.6	0.7
GCF_000444995.1	0.02	0.03	0.36	0.35	0.7
GCF_001042635.1	0.02	0.01	0.15	0.03	0.16
GCF_000192745.1	0.02	0.06	0.42	0.55	0.75
GCF_001028705.1	0.02	0.04	0.41	0.72	0.69
GCF_000212695.1	0.02	0.03	0.32	0.31	0.67
GCF_001262015.1	0.02	0.05	0	0.29	0.29
GCF_001191005.1	0.02	0.04	0.33	0.58	0.77
GCF_000067205.1	0.02	0.05	0.34	0.71	0.73
GCF_000226565.1	0.02	0.03	0.3	0.46	0.53
GCF_000011025.1	0.02	0.0	0.24	0.08	0.35
GCF_000219355.1	0.02	0.02	0.11	0.33	0.31
GCF_001548235.1	0.02	0.01	0.24	0.08	0.36
GCF_000952975.1	0.02	0.01	0	0.1	0.13
GCF_001688725.1	0.02	0.03	0.08	0.14	0.32
GCF_001514355.1	0.02	0.05	0.35	0.74	0.75
GCF_000012345.1	0.02	0.03	0.2	0.4	0.5
GCF_000015305.1	0.02	0.04	0.42	0.22	0.72
GCF_000800455.1	0.02	0.01	0.13	0.01	0.13
GCF_000835205.1	0.01	0.06	0.41	0.54	0.77
GCF_000755145.1	0.01	0.01	0.01	0.01	0.16
GCF_001010285.1	0.01	0.06	0.36	0.23	0.61
GCF_000023765.2	0.01	0.01	0.15	0.07	0.3
GCF_000015285.1	0.01	0.04	0.4	0.65	0.58
GCF_001186155.3	0.01	0.15	0.21	0.36	0.41
GCF_000027145.1	0.01	0.02	0.26	0.14	0.32
GCF_000253315.1	0.01	0.12	0.0	0.08	0.06
GCF_000014745.1	0.01	0.02	0.31	0.4	0.66
GCF_000253275.1	0.01	0.02	0.33	0.43	0.51
GCF_000208385.1	0.01	0.0	0.16	0.1	0.15
GCF_000730245.1	0.01	0.02	0.17	0.4	0.32
GCF_000008045.1	0.01	0.01	0.17	0.38	0.29
GCF_000022785.1	0.01	0.01	0.17	0.4	0.31
GCF_000385945.1	0.01	0.04	0.32	0.2	0.7
GCF_001586215.1	0.01	0.0	0.26	0.3	0.43
GCF_000784965.1	0.01	0.05	0.26	0.61	0.63
GCF_000190735.1	0.01	0.04	0.32	0.54	0.57
GCF_000800255.1	0.01	0.03	0.33	0.37	0.67
GCF_000775995.1	0.01	0.01	0	0.03	0.12
GCF_000215705.1	0.01	0.05	0.32	0.36	0.72
GCF_001185205.1	0.01	0.04	0.35	0.35	0.66
GCF_000018665.1	0.01	0.04	0.33	0.48	0.74
GCF_000013045.1	0.01	0.02	0.24	0.29	0.47
GCF_000619905.2	0.01	0.02	0.3	0.7	0.67
GCF_001183865.1	0.01	0.22	0.47	0.43	0.72
GCF_000496595.1	0.01	0.01	0.15	0.07	0.31
GCF_001420915.1	0.01	0.05	0.64	0.37	0.57
GCF_000143225.1	0.01	0.06	0.57	0.48	0.8
GCF_001483945.1	0.01	0.06	0.57	0.51	0.8
GCF_000953735.1	0.01	0.02	0.34	0.82	0.55
GCF_000280925.3	0.01	0.05	0.35	0.5	0.73
GCF_000253015.1	0.01	0.01	0.15	0.14	0.33
GCF_000064305.2	0.01	0.06	0.16	0.51	0.42
GCF_000800475.2	0.01	0.0	0.16	0.06	0.16
GCF_001281405.1	0.01	0.01	0.15	0.14	0.32
GCF_000463015.1	0.01	0.17	0.42	0.36	0.74
GCF_000218545.1	0.01	0.03	0.33	0.32	0.64
GCF_000024225.1	0.01	0.01	0.1	0.06	0.1
GCF_001281485.1	0.01	0.04	0.32	0.45	0.62
GCF_000183665.1	0.01	0.0	0.15	0.07	0.3
GCF_001021085.1	0.01	0.0	0.15	0.07	0.28
GCF_000287355.1	0.01	0.0	0.08	0.01	0.05
GCF_000012685.1	0.01	0.03	0.31	0.51	0.72
GCF_001188855.1	0.01	0.01	0.18	0.19	0.4
GCF_001042675.1	0.01	0.06	0.09	0.1	0.08
GCF_000012145.1	0.01	0.01	0.17	0.38	0.32
GCF_001318295.1	0.01	0.07	0.24	0.31	0.18
GCF_000330885.1	0.01	0.08	0.59	0.35	0.79
GCF_000829415.1	0.01	0.05	0.25	0.49	0.67
GCF_001029265.1	0.01	0.07	0.0	0.09	0.04
GCF_000767055.1	0.01	0.01	0.42	0.26	0.45
GCF_001042695.1	0.01	0.08	0.07	0.01	0.08
GCF_001583415.1	0.01	0.04	0.34	0.23	0.68
GCF_000008985.1	0.01	0.02	0.11	0.16	0.35
GCF_000243115.2	0.01	0.03	0.27	0.53	0.61
GCF_000027225.1	0.01	0.04	0.24	0.28	0.53
GCF_000014245.1	0.01	0.03	0.33	0.34	0.67
GCF_000020425.1	0.01	0.0	0.19	0.08	0.15
GCF_000400935.1	0.01	0.0	0.05	0.01	0.03
GCF_001050435.1	0.01	0.01	0	0.51	0.12
GCF_000014345.1	0.01	0.02	0.17	0.38	0.3
GCF_000007585.1	0.01	0.04	0	0.47	0.2
GCF_000015445.1	0.01	0.01	0.15	0.15	0.33
GCF_000197735.1	0.01	0.01	0.32	0.22	0.57
GCF_000196295.1	0.01	0.03	0.18	0.3	0.53
GCF_000196615.1	0.01	0.05	0.29	0.47	0.65
GCF_000144405.1	0.01	0.01	0	0.28	0.27
GCF_000626635.1	0.01	0.03	0.33	0.57	0.46
GCF_000219585.1	0.01	0.04	0.34	0.72	0.66
GCF_000969645.2	0.01	0.04	0.42	0.68	0.69
GCF_001584185.1	0.01	0.05	0.41	0.37	0.73
GCF_000612685.1	0.01	0.09	0.32	0.39	0.69
GCF_000968175.1	0.01	0.03	0.3	0.18	0.55
GCF_000442645.1	0.01	0.0	0.32	0.24	0.49
GCF_000981525.1	0.01	0.02	0.13	0.05	0.15
GCF_000019745.1	0.01	0.04	0.19	0.46	0.48
GCF_001189535.1	0.0	0.03	0.35	0.52	0.67
GCF_000018205.1	0.0	0.01	0.17	0.4	0.29
GCF_000341355.1	0.0	0.01	0.15	0.18	0.34
GCF_001687565.2	0.0	0.02	0.29	0.34	0.47
GCF_000815225.1	0.0	0.02	0.11	0.15	0.33
GCF_000012725.1	0.0	0.02	0.43	0.45	0.66
GCF_000024125.1	0.0	0.02	0.32	0.41	0.46
GCF_001281465.1	0.0	0.04	0.31	0.41	0.72
GCF_000013665.1	0.0	0.03	0.39	0.66	0.54
GCF_000008285.1	0.0	0.02	0.27	0.14	0.29
GCF_000252975.1	0.0	0.01	0.27	0.14	0.29
GCF_000297075.2	0.0	0.04	0.38	0.75	0.73
GCF_001458475.1	0.0	0.03	0.2	0.31	0.48
GCF_000495935.2	0.0	0.03	0.26	0.24	0.55
GCF_001542815.1	0.0	0.2	0.66	0.59	0.8
GCF_000242935.2	0.0	0.05	0.65	0.57	0.63
GCF_000283275.1	0.0	0.03	0.36	0.41	0.61
GCF_000009845.1	0.0	0.08	0.02	0.03	0.02
GCF_000020565.1	0.0	0.02	0.02	0.06	0.19
GCF_000223215.1	0.0	0.06	0.01	0.16	0.22
GCF_001518815.1	0.0	0.06	0.31	0.5	0.69
GCF_000801315.1	0.0	0.01	0.19	0.49	0.52
GCF_000759475.1	0.0	0.05	0.39	0.53	0.69
GCF_001483865.1	0.0	0.07	0.58	0.4	0.73
GCF_000023585.1	0.0	0.03	0.3	0.35	0.63
GCF_000153485.2	0.0	0.06	0.3	0.38	0.39
GCF_000300295.3	0.0	0.03	0.12	0.11	0.38
GCF_000024465.1	0.0	0.06	0.3	0.4	0.66
GCF_000092845.1	0.0	0.07	0.01	0.16	0.24
GCF_000183155.1	0.0	0.1	0.08	0.61	0.39
GCF_000008805.1	0.0	0.03	0.18	0.26	0.51
GCF_000024005.1	0.0	0.03	0.32	0.46	0.74
GCF_000219915.2	0.0	0.04	0.09	0.18	0.51
GCF_000973085.1	0.0	0.0	0	0.08	0.03
GCF_000195085.1	0.0	0.04	0.33	0.39	0.43
GCF_000725405.1	0.0	0.03	0.33	0.34	0.59
GCF_000174395.2	0.01	0.01	0.16	0.04	0.11
GCF_000172155.1	0.01	0.04	0.4	0.42	0.64
GCF_000331735.1	0.01	0.05	0.34	0.51	0.74
GCF_000185745.1	0.01	0.02	0.1	0.43	0.43
GCF_000226625.1	0.01	0.02	0.1	0.4	0.43
GCF_000269925.1	0.01	0.01	0.12	0.05	0.11
GCF_000026185.1	0.01	0.04	0.31	0.4	0.62
GCF_000143845.1	0.01	0.0	0.04	0.09	0.11
GCF_000504125.1	0.01	0.0	0.12	0.0	0.11
GCF_000152825.2	0.01	0.03	0.29	0.36	0.61
GCF_000287295.1	0.01	0.06	0.13	0.07	0.06
GCF_000011225.1	0.01	0.1	0.01	0.0	0.05
GCF_000953355.1	0.01	0.05	0.32	0.19	0.58
GCF_000261025.1	0.01	0.01	0	0.4	0.27
GCF_000833575.1	0.01	0.03	0.25	0.29	0.38
GCF_000025225.2	0.01	0.04	0.14	0.29	0.14
GCF_000523235.1	0.01	0.04	0.42	0.27	0.72
GCF_000009005.1	0.01	0.01	0.23	0.22	0.4
GCF_001190965.1	0.01	0.09	0.28	0.28	0.61
GCF_000746585.1	0.01	0.02	0.13	0.36	0.35
GCF_000612055.1	0.01	0.0	0	0.07	0.33
GCF_000196435.1	0.01	0.01	0.15	0.39	0.37
GCF_000341345.1	0.01	0.01	0.37	0.21	0.5
GCF_000340795.1	0.01	0.04	0.09	0.05	0.27
GCF_001412595.1	0.01	0.05	0.37	0.49	0.73
GCF_000006865.1	0.01	0.02	0.14	0.06	0.16
GCF_000550785.1	0.01	0.01	0.37	0.28	0.45
GCF_000010545.1	0.01	0.04	0.31	0.45	0.73
GCF_000701165.1	0.01	0.06	0.39	0.45	0.74
GCF_001444445.1	0.01	0.0	0	0.41	0.26
GCF_000262325.2	0.01	0.04	0.42	0.52	0.73
GCF_000306805.1	0.01	0.0	0.09	0.01	0.08
GCF_000012265.1	0.01	0.08	0.42	0.66	0.7
GCF_001547895.1	0.01	0.04	0.42	0.66	0.72
GCF_000755725.1	0.02	0.06	0.31	0.52	0.71
GCF_000046705.1	0.02	0.01	0.09	0.16	0.32
GCF_000008205.1	0.02	0.09	0.0	0.02	0.01
GCF_000691605.1	0.02	0.01	0.11	0.6	0.52
GCF_000007125.1	0.02	0.02	0.35	0.38	0.63
GCF_000019925.1	0.02	0.05	0.38	0.45	0.75
GCF_000242255.2	0.02	0.04	0.38	0.52	0.69
GCF_000299115.1	0.02	0.04	0.22	0.38	0.49
GCF_001310085.1	0.02	0.08	0.28	0.35	0.57
GCF_000157355.2	0.02	0.02	0.13	0.04	0.17
GCF_000147815.2	0.02	0.03	0.32	0.27	0.7
GCF_000468615.2	0.02	0.01	0.33	0.51	0.52
GCF_001579805.1	0.02	0.04	0.44	0.63	0.74
GCF_000974425.1	0.02	0.04	0.34	0.34	0.72
GCF_001278095.1	0.02	0.04	0.32	0.22	0.7
GCF_000195555.1	0.02	0.02	0.11	0.2	0.43
GCF_000599545.1	0.02	0.08	0.34	0.23	0.72
GCF_000831005.1	0.02	0.04	0.11	0.33	0.58
GCF_001189515.2	0.02	0.01	0.08	0.12	0.16
GCF_000177195.2	0.02	0.02	0.32	0.19	0.7
GCF_000143725.1	0.02	0.02	0.01	0.16	0.21
GCF_000179035.2	0.02	0.02	0.0	0.07	0.01
GCF_000277795.1	0.02	0.0	0	0.26	0.01
GCF_000477415.1	0.02	0.02	0.0	0.07	0.01
GCF_000508245.1	0.02	0.0	0.01	0.07	0.01
GCF_001638925.1	0.02	0.03	0.33	0.43	0.67
GCF_000355675.1	0.03	0.03	0.39	0.64	0.57
GCF_000225345.1	0.03	0.05	0.07	0.09	0.18
GCF_001021975.1	0.03	0.02	0.19	0.27	0.55
GCF_001442755.1	0.03	0.04	0.45	0.51	0.72
GCF_000186985.1	0.03	0.0	0.01	0.12	0.01
GCF_000238995.1	0.03	0.0	0.01	0.12	0.01
GCF_001278035.1	0.03	0.07	0.3	0.64	0.66
GCF_000940805.1	0.03	0.04	0.6	0.77	0.66
GCF_000023105.1	0.03	0.03	0.26	0.24	0.65
GCF_000166275.1	0.03	0.02	0.26	0.42	0.49
GCF_001267395.1	0.03	0.0	0.08	0.02	0.14
GCF_000026065.1	0.03	0.01	0.12	0.25	0.08
GCF_001011035.1	0.03	0.04	0.32	0.22	0.67
GCF_001578105.1	0.03	0.04	0.35	0.68	0.69
GCF_000230995.2	0.03	0.08	0.61	0.37	0.79
GCF_000739105.1	0.03	0.02	0.32	0.26	0.68
GCF_000012225.1	0.03	0.07	0.02	0.03	0.01
GCF_000022645.2	0.03	0.06	0.4	0.56	0.72
GCF_000755985.1	0.03	0.04	0.42	0.45	0.75
GCF_001187785.1	0.03	0.03	0.22	0.81	0.55
GCF_001676765.1	0.03	0.12	0.6	0.37	0.81
GCF_000494915.1	0.03	0.05	0.35	0.37	0.68
GCF_001267885.1	0.03	0.03	0.3	0.26	0.71
GCF_000013625.1	0.03	0.05	0.28	0.52	0.73
GCF_000255295.1	0.03	0.04	0.26	0.52	0.65
GCF_000023185.1	0.03	0.05	0.59	0.62	0.83
GCF_000007325.1	0.03	0.03	0.18	0.06	0.2
GCF_000009425.1	0.04	0.02	0.18	0.06	0.17
GCF_000348785.1	0.04	0.12	0.34	0.33	0.69
GCF_000521505.1	0.04	0.08	0.36	0.46	0.71
GCF_000981765.1	0.04	0.03	0.26	0.39	0.52
GCF_000022905.1	0.04	0.05	0.23	0.31	0.39
GCF_001050135.1	0.04	0.03	0.3	0.53	0.48
GCF_001499615.1	0.04	0.04	0.29	0.55	0.67
GCF_000023725.1	0.04	0.0	0.1	0.33	0.41
GCF_000271405.2	0.04	0.08	0.14	0.06	0.14
GCF_000017405.1	0.04	0.03	0.32	0.41	0.67
GCF_000024345.1	0.04	0.03	0.34	0.22	0.71
GCF_001028665.1	0.04	0.04	0.4	0.45	0.75
GCF_000739455.1	0.04	0.17	0.32	0.32	0.47
GCF_000955665.1	0.04	0.03	0.26	0.24	0.55
GCF_000348725.1	0.04	0.01	0.15	0.39	0.4
GCF_000525675.1	0.04	0.0	0.11	0.39	0.45
GCF_000023045.1	0.04	0.0	0.26	0.34	0.39
GCF_000341385.1	0.04	0.01	0.15	0.24	0.38
GCF_000385525.1	0.04	0.04	0.4	0.56	0.73
GCF_000148625.1	0.04	0.11	0.0	0.15	0.33
GCF_000024025.1	0.04	0.03	0.32	0.26	0.74
GCF_000311765.1	0.04	0.04	0.38	0.54	0.66
GCF_000967895.1	0.05	0.02	0.44	0.83	0.62
GCF_000016765.1	0.05	0.03	0.33	0.78	0.75
GCF_000007705.1	0.05	0.04	0.43	0.54	0.69
GCF_001412655.1	0.05	0.03	0.31	0.49	0.6
GCF_000025345.1	0.05	0.04	0.33	0.27	0.74
GCF_000818035.1	0.05	0.03	0.21	0.39	0.53
GCF_000756775.1	0.05	0.05	0.35	0.77	0.69
GCF_000319385.1	0.05	0.02	0.22	0.33	0.33
GCF_000510265.1	0.05	0.03	0.23	0.31	0.35
GCF_000176935.3	0.05	0.19	0.65	0.5	0.81
GCF_000007245.1	0.05	0.06	0.39	0.43	0.59
GCF_000026205.1	0.05	0.1	0.02	0.03	0.02
GCF_000212375.1	0.05	0.06	0	0.14	0.17
GCF_000023245.1	0.05	0.04	0.36	0.27	0.71
GCF_000024805.1	0.05	0.03	0.35	0.68	0.7
GCF_000455605.1	0.05	0.0	0.17	0.34	0.41
GCF_000597885.1	0.05	0.03	0.32	0.51	0.63
GCF_000027205.1	0.05	0.05	0.34	0.45	0.6
GCF_000807225.1	0.05	0.02	0.26	0.43	0.5
GCF_000262205.1	0.05	0.03	0.02	0.07	0.33
GCF_000022725.1	0.05	0.01	0.15	0.39	0.38
GCF_001547995.1	0.05	0.04	0.42	0.35	0.62
GCF_001442535.1	0.05	0.05	0.33	0.64	0.73
GCF_000230275.1	0.06	0.01	0	0.08	0.19
GCF_000166395.1	0.06	0.04	0.33	0.35	0.56
GCF_001639105.1	0.06	0.06	0.53	0.48	0.76
GCF_000069925.1	0.06	0.1	0.02	0.03	0.02
GCF_000085865.1	0.06	0.08	0.0	0.1	0.01
GCF_000828855.1	0.06	0.08	0.0	0.15	0.01
GCF_001547975.1	0.06	0.08	0.0	0.15	0.01
GCF_001557535.1	0.06	0.05	0.43	0.59	0.76
GCF_001482365.1	0.06	0.01	0.33	0.26	0.57
GCF_000348745.1	0.06	0.01	0.09	0.36	0.4
GCF_000147835.2	0.06	0.03	0.32	0.69	0.7
GCF_000069945.1	0.06	0.0	0.28	0.32	0.4
GCF_001652485.1	0.06	0.03	0.33	0.43	0.66
GCF_000011065.1	0.06	0.08	0.14	0.49	0.42
GCF_000009625.1	0.06	0.08	0.58	0.37	0.79
GCF_000941055.1	0.06	0.01	0.31	0.36	0.44
GCF_000019145.1	0.06	0.03	0.33	0.69	0.69
GCF_001477625.1	0.06	0.04	0.31	0.77	0.73
GCF_001274535.1	0.06	0.03	0.05	0.07	0.21
GCF_000016565.1	0.06	0.04	0.28	0.73	0.7
GCF_000020125.1	0.06	0.04	0.43	0.48	0.73
GCF_000835165.1	0.06	0.01	0.44	0.23	0.46
GCF_000007605.1	0.06	0.12	0.03	0.05	0.06
GCF_000236925.1	0.06	0.01	0.23	0.22	0.4
GCF_000010825.1	0.06	0.04	0.3	0.62	0.64
GCF_000784875.1	0.07	0.04	0.3	0.45	0.63
GCF_000022105.1	0.07	0.01	0.01	0.16	0.22
GCF_000698845.1	0.07	0.09	0.59	0.4	0.82
GCF_000325705.1	0.07	0.02	0.25	0.63	0.52
GCF_000024565.1	0.07	0.0	0.01	0.08	0.02
GCF_000025405.2	0.07	0.04	0.31	0.5	0.63
GCF_001650215.1	0.07	0.03	0.32	0.26	0.72
GCF_001314305.1	0.07	0.03	0.28	0.73	0.65
GCF_001294425.1	0.07	0.03	0.42	0.26	0.71
GCF_000010285.1	0.07	0.01	0.39	0.25	0.48
GCF_001660045.1	0.07	0.03	0.3	0.26	0.71
GCF_000009945.1	0.07	0.12	0.01	0.06	0.07
GCF_000204135.1	0.07	0.12	0.03	0.05	0.07
GCF_900078695.1	0.07	0.03	0.32	0.5	0.71
GCF_000242335.1	0.07	0.02	0	0.5	0.26
GCF_001307295.1	0.07	0.04	0.32	0.67	0.69
GCF_900086555.1	0.07	0.0	0.1	0.39	0.46
GCF_000980835.1	0.07	0.13	0.33	0.3	0.33
GCF_000953195.1	0.07	0.08	0.03	0.11	0.1
GCF_000008725.1	0.07	0.14	0.02	0.06	0.05
GCF_000230695.2	0.07	0.06	0.29	0.45	0.63
GCF_000931465.1	0.08	0.04	0.42	0.54	0.72
GCF_000185965.1	0.08	0.05	0.27	0.67	0.67
GCF_000827005.1	0.08	0.04	0.33	0.2	0.69
GCF_000025925.1	0.08	0.02	0.1	0.13	0.32
GCF_000006725.1	0.08	0.04	0.39	0.43	0.57
GCF_000009765.2	0.08	0.04	0.35	0.25	0.72
GCF_001281115.1	0.08	0.03	0.31	0.27	0.59
GCF_000328725.1	0.08	0.09	0.0	0.15	0.16
GCF_000092865.1	0.08	0.03	0.34	0.31	0.68
GCF_000801275.2	0.08	0.02	0.37	0.77	0.57
GCF_000019225.1	0.08	0.03	0.39	0.75	0.54
GCF_000317895.1	0.08	0.0	0.11	0.6	0.49
GCF_000968055.1	0.08	0.01	0.07	0.11	0.07
GCF_001465835.2	0.08	0.06	0.34	0.34	0.45
GCF_000006685.1	0.08	0.12	0.01	0.06	0.06
GCF_000191925.1	0.08	0.12	0.03	0.05	0.08
GCF_001078275.1	0.08	0.04	0.35	0.5	0.73
GCF_001611795.1	0.08	0.04	0.33	0.3	0.7
GCF_000224985.1	0.08	0.02	0.16	0.07	0.08
GCF_000359525.1	0.08	0.02	0.31	0.22	0.7
GCF_001611855.1	0.09	0.02	0.44	0.22	0.72
GCF_000270245.1	0.09	0.02	0.33	0.29	0.7
GCF_000304455.1	0.09	0.06	0.05	0.01	0.07
GCF_000941075.1	0.09	0.09	0.0	0.05	0.16
GCF_000007205.1	0.09	0.14	0.02	0.05	0.07
GCF_000026025.1	0.09	0.14	0.02	0.06	0.07
GCF_000471025.2	0.09	0.14	0.02	0.06	0.07
GCF_000583875.1	0.09	0.12	0.01	0.06	0.06
GCF_001455205.1	0.09	0.03	0.34	0.69	0.66
GCF_000189415.1	0.09	0.01	0.13	0.27	0.36
GCF_000013765.1	0.09	0.01	0.27	0.69	0.5
GCF_000328565.1	0.09	0.05	0.37	0.29	0.72
GCF_000816025.1	0.09	0.08	0.42	0.19	0.71
GCF_001077815.2	0.09	0.03	0.31	0.58	0.64
GCF_000265505.1	0.09	0.02	0.21	0.41	0.42
GCF_000967425.1	0.09	0.04	0.45	0.77	0.76
GCF_000302535.1	0.09	0.05	0.4	0.44	0.73
GCF_000830005.1	0.09	0.04	0.41	0.19	0.72
GCF_000952035.1	0.09	0.04	0.41	0.23	0.73
GCF_000931445.1	0.09	0.03	0.33	0.21	0.71
GCF_000953535.1	0.09	0.02	0.12	0.33	0.26
GCF_000283975.1	0.09	0.0	0.1	0.05	0.07
GCF_000785555.1	0.09	0.02	0.24	0.34	0.46
GCF_001411495.1	0.09	0.04	0.4	0.45	0.75
GCF_000186265.1	0.09	0.01	0.32	0.51	0.53
GCF_000400955.1	0.09	0.01	0.02	0.02	0.02
GCF_001017435.1	0.09	0.04	0.43	0.57	0.74
GCF_000317975.2	0.09	0.01	0.11	0.06	0.13
GCF_000452705.1	0.1	0.04	0.3	0.22	0.66
GCF_000973725.1	0.1	0.03	0.37	0.39	0.56
GCF_001605725.1	0.1	0.02	0.44	0.21	0.72
GCF_000176855.2	0.1	0.05	0.27	0.4	0.7
GCF_000759535.1	0.1	0.03	0.28	0.49	0.64
GCF_000008365.1	0.1	0.14	0.0	0.15	0.16
GCF_000829055.1	0.1	0.07	0.05	0.05	0.1
GCF_000027265.1	0.1	0.04	0.34	0.46	0.59
GCF_001610975.1	0.1	0.03	0.34	0.8	0.63
GCF_000183365.1	0.1	0.05	0.04	0.03	0.0
GCF_000007105.1	0.1	0.07	0.48	0.36	0.44
GCF_000027345.1	0.1	0.14	0.0	0.03	0.16
GCF_001606005.1	0.1	0.03	0.23	0.23	0.52
GCF_001280305.1	0.1	0.02	0.29	0.37	0.58
GCF_000217675.1	0.1	0.04	0.25	0.77	0.49
GCF_000011685.1	0.1	0.03	0.4	0.67	0.48
GCF_000442435.1	0.1	0.09	0.59	0.36	0.8
GCF_000023165.1	0.1	0.05	0.04	0.03	0.0
GCF_001611035.1	0.1	0.01	0.09	0.12	0.05
GCF_000008585.1	0.1	0.04	0.33	0.2	0.69
GCF_000250675.2	0.1	0.03	0.36	0.18	0.71
GCF_000328705.1	0.1	0.05	0.45	0.26	0.73
GCF_000166295.1	0.11	0.02	0.42	0.61	0.68
GCF_000027325.1	0.11	0.13	0.0	0.05	0.24
GCF_000265405.1	0.11	0.03	0.28	0.61	0.48
GCF_000565215.1	0.11	0.03	0.01	0.02	0.01
GCF_000500935.1	0.11	0.0	0.04	0.01	0.03
GCF_000194745.1	0.11	0.04	0.41	0.42	0.77
GCF_001278715.1	0.11	0.04	0.29	0.22	0.6
GCF_000011445.1	0.11	0.09	0.0	0.03	0.24
GCF_000152945.2	0.11	0.01	0.34	0.33	0.36
GCF_000988565.1	0.11	0.03	0.35	0.49	0.72
GCF_000517365.1	0.11	0.03	0.02	0.1	0.03
GCF_000008885.1	0.11	0.22	0.17	0.1	0.11
GCF_000786695.1	0.11	0.07	0.4	0.37	0.73
GCF_000576555.1	0.11	0.03	0.39	0.49	0.62
GCF_000092385.1	0.11	0.03	0.31	0.27	0.7
GCF_000972865.1	0.11	0.07	0.27	0.64	0.66
GCF_000299335.2	0.11	0.03	0.37	0.62	0.56
GCF_000507245.1	0.11	0.05	0.05	0.18	0.33
GCF_000020065.1	0.11	0.03	0.0	0.03	0.01
GCF_000253255.1	0.11	0.03	0.43	0.71	0.72
GCF_000439435.1	0.11	0.03	0.01	0.02	0.01
GCF_000009485.1	0.11	0.04	0.4	0.45	0.75
GCF_000014085.1	0.11	0.03	0.32	0.44	0.71
GCF_000439455.1	0.11	0.01	0.01	0.02	0.01
GCF_001281045.1	0.11	0.03	0.01	0.02	0.01
GCF_000012945.1	0.11	0.06	0.4	0.44	0.74
GCF_000829375.1	0.11	0.01	0.2	0.23	0.46
GCF_000724625.1	0.11	0.08	0.3	0.47	0.66
GCF_000761155.1	0.11	0.05	0.38	0.51	0.66
GCF_001693675.1	0.12	0.04	0.32	0.21	0.71
GCF_000012085.1	0.12	0.01	0.05	0.01	0.02
GCF_000956315.1	0.12	0.01	0.05	0.01	0.02
GCF_000299995.1	0.12	0.03	0.36	0.65	0.5
GCF_000008685.2	0.12	0.05	0.05	0.13	0.03
GCF_000222835.1	0.12	0.05	0.05	0.13	0.03
GCF_000445425.4	0.12	0.0	0.04	0.01	0.03
GCF_001597285.1	0.12	0.03	0.29	0.73	0.69
GCF_000164695.2	0.12	0.09	0.25	0.19	0.42
GCF_001484935.1	0.12	0.05	0.17	0.19	0.57
GCF_001274875.1	0.12	0.07	0.01	0.02	0.01
GCF_000012765.1	0.12	0.05	0.04	0.03	0.0
GCF_000025365.1	0.12	0.14	0.0	0.02	0.0
GCF_000069185.1	0.12	0.02	0.44	0.23	0.72
GCF_000416365.2	0.12	0.03	0.42	0.2	0.72
GCF_000025845.1	0.12	0.14	0.0	0.35	0.24
GCF_000007805.1	0.12	0.05	0.4	0.21	0.71
GCF_000012205.1	0.12	0.05	0.38	0.2	0.68
GCF_000300135.1	0.12	0.0	0.08	0.05	0.05
GCF_000019685.1	0.12	0.0	0.04	0.13	0.02
GCF_000222305.1	0.12	0.03	0.05	0.27	0.03
GCF_001310225.1	0.12	0.02	0.3	0.5	0.45
GCF_000008245.1	0.12	0.14	0.0	0.15	0.24
GCF_000219805.1	0.12	0.0	0.05	0.63	0.04
GCF_000292915.1	0.12	0.05	0.39	0.45	0.75
GCF_000015325.1	0.12	0.05	0.26	0.4	0.69
GCF_000723165.1	0.12	0.04	0.35	0.51	0.75
GCF_000265465.1	0.12	0.29	0.09	0.52	0.22
GCF_000183425.1	0.13	0.01	0.32	0.43	0.44
GCF_000875755.1	0.13	0.05	0.04	0.03	0.0
GCF_001314945.1	0.13	0.02	0.11	0.24	0.08
GCF_000988065.1	0.13	0.0	0.0	0.15	0.01
GCF_001190945.1	0.13	0.03	0.35	0.2	0.66
GCF_000803645.1	0.13	0.03	0.36	0.68	0.66
GCF_001587175.1	0.13	0.06	0.02	0.02	0.07
GCF_001664485.1	0.13	0.05	0.6	0.4	0.8
GCF_000196215.1	0.13	0.05	0.05	0.13	0.03
GCF_000070465.1	0.13	0.05	0.3	0.47	0.68
GCF_000731295.1	0.13	0.07	0.6	0.38	0.8
GCF_000213655.1	0.13	0.03	0.35	0.55	0.56
GCF_000011825.1	0.13	0.1	0.04	0.09	0.06
GCF_000006625.1	0.13	0.14	0.0	0.03	0.24
GCF_000021265.1	0.13	0.11	0.0	0.03	0.41
GCF_000196855.1	0.13	0.0	0.08	0.05	0.07
GCF_000441535.1	0.13	0.0	0.12	0.08	0.12
GCF_000742835.1	0.13	0.0	0.01	0.38	0.37
GCF_000008305.1	0.13	0.12	0	0.03	0.02
GCF_000310105.2	0.13	0.02	0.35	0.64	0.52
GCF_000023285.1	0.13	0.12	0.09	0.52	0.24
GCF_000170955.2	0.13	0.05	0.05	0.13	0.03
GCF_000815065.1	0.13	0.14	0.0	0.02	0.24
GCF_000006905.1	0.14	0.03	0.36	0.45	0.67
GCF_000737515.1	0.14	0.01	0.27	0.5	0.61
GCF_001641285.1	0.14	0.04	0.29	0.42	0.62
GCF_001456115.1	0.14	0.02	0.33	0.5	0.68
GCF_000015385.1	0.14	0.01	0.15	0.3	0.04
GCF_000565175.1	0.14	0.05	0.04	0.02	0.01
GCF_000007485.1	0.14	0.1	0.22	0.25	0.18
GCF_000012245.1	0.14	0.05	0.38	0.22	0.69
GCF_000517305.1	0.14	0.04	0.27	0.57	0.67
GCF_001647715.1	0.14	0.03	0.44	0.51	0.72
GCF_000012325.1	0.14	0.03	0.27	0.8	0.64
GCF_000013325.1	0.14	0.03	0.33	0.67	0.68
GCF_001294605.1	0.14	0.04	0.37	0.23	0.66
GCF_000175095.2	0.14	0.03	0.34	0.71	0.66
GCF_000017305.1	0.14	0.01	0.38	0.22	0.56
GCF_001534745.1	0.14	0.03	0.27	0.49	0.67
GCF_001406115.1	0.14	0.03	0.41	0.2	0.7
GCF_000016365.1	0.14	0.03	0.42	0.19	0.72
GCF_000524555.1	0.14	0.06	0.0	0.15	0.16
GCF_000010605.1	0.15	0.02	0.32	0.21	0.7
GCF_000261345.2	0.15	0.02	0.32	0.21	0.7
GCF_000018545.1	0.15	0.07	0.57	0.71	0.8
GCF_000336465.1	0.15	0.04	0.33	0.52	0.7
GCF_000341465.2	0.15	0.05	0.28	0.33	0.65
GCF_000011045.1	0.15	0.01	0.14	0.05	0.15
GCF_000014525.1	0.15	0.02	0.15	0.05	0.14
GCF_000176115.2	0.15	0.03	0.31	0.21	0.72
GCF_001652565.1	0.15	0.05	0.35	0.75	0.76
GCF_000063605.1	0.15	0.06	0.0	0.15	0.16
GCF_000183385.1	0.15	0.06	0.0	0.15	0.16
GCF_001648175.1	0.15	0.05	0.4	0.34	0.69
GCF_000182745.2	0.15	0.03	0.34	0.59	0.62
GCF_000270085.1	0.15	0.0	0.07	0.07	0.03
GCF_000737325.1	0.15	0.02	0.34	0.46	0.64
GCF_000190555.1	0.15	0.02	0.26	0.35	0.5
GCF_001442785.1	0.15	0.03	0.33	0.4	0.72
GCF_000165485.1	0.15	0.03	0.33	0.4	0.69
GCF_000512205.2	0.15	0.09	0.56	0.67	0.78
GCF_000018445.1	0.15	0.04	0.25	0.2	0.59
GCF_000013005.1	0.15	0.04	0.35	0.48	0.65
GCF_001620005.1	0.15	0.02	0.35	0.21	0.71
GCF_000220625.1	0.15	0.23	0.15	0.56	0.28
GCF_000214785.1	0.15	0.01	0.11	0.51	0.06
GCF_000024965.1	0.15	0.07	0.22	0.28	0.58
GCF_000347675.2	0.16	0.03	0.39	0.74	0.65
GCF_000218875.1	0.16	0.07	0.49	0.36	0.44
GCF_001687585.2	0.16	0.02	0.31	0.34	0.45
GCF_000577275.1	0.16	0.03	0.33	0.72	0.74
GCF_000224105.1	0.16	0.02	0.04	0.03	0.0
GCF_000012365.1	0.16	0.04	0.4	0.44	0.75
GCF_001430865.1	0.16	0.37	0.23	0.33	0.26
GCF_000755185.1	0.16	0.02	0.35	0.33	0.43
GCF_000788395.1	0.16	0.01	0.33	0.65	0.43
GCF_000695835.1	0.16	0.06	0.0	0.02	0.24
GCF_000198775.1	0.16	0.04	0.29	0.3	0.61
GCF_000184745.1	0.16	0.08	0.43	0.38	0.73
GCF_000009165.1	0.16	0.04	0.34	0.69	0.69
GCF_000959505.1	0.16	0.04	0.31	0.45	0.73
GCF_000008465.1	0.17	0.02	0.24	0.49	0.4
GCF_000143885.2	0.17	0.03	0.43	0.2	0.66
GCF_001294575.1	0.17	0.04	0.32	0.61	0.71
GCF_000959245.1	0.17	0.05	0.3	0.57	0.75
GCF_001433715.1	0.17	0.02	0.41	0.63	0.55
GCF_000756715.1	0.17	0.29	0.2	0.34	0.37
GCF_000284035.1	0.17	0.03	0.31	0.21	0.7
GCF_000014505.1	0.17	0.0	0.07	0.25	0.06
GCF_000980815.1	0.17	0.01	0.3	0.3	0.39
GCF_000191145.1	0.17	0.04	0.24	0.22	0.61
GCF_000954115.1	0.17	0.02	0.44	0.21	0.71
GCF_000196235.1	0.17	0.0	0.31	0.21	0.66
GCF_001020985.1	0.17	0.0	0.28	0.32	0.43
GCF_000015565.1	0.17	0.06	0.36	0.32	0.68
GCF_000237205.1	0.17	0.35	0.12	0.09	0.2
GCF_000269985.1	0.17	0.03	0.29	0.16	0.7
GCF_000145705.1	0.17	0.02	0.0	0.15	0.16
GCF_000175215.2	0.17	0.03	0.37	0.56	0.67
GCF_000577895.1	0.17	0.08	0.45	0.09	0.39
GCF_000300235.2	0.17	0.03	0.38	0.61	0.72
GCF_000236705.1	0.18	0.12	0.23	0.39	0.3
GCF_000011545.1	0.18	0.04	0.4	0.56	0.74
GCF_001021025.1	0.18	0.0	0.37	0.33	0.41
GCF_000023785.1	0.18	0.03	0.37	0.45	0.67
GCF_000017005.1	0.18	0.13	0.0	0.06	0.1
GCF_000046845.1	0.18	0.04	0.29	0.19	0.58
GCF_000027165.1	0.18	0.0	0.03	0.05	0.07
GCF_001402915.1	0.18	0.04	0.3	0.48	0.67
GCF_000023345.1	0.18	0.17	0.43	0.38	0.76
GCF_001274895.1	0.18	0.02	0.36	0.31	0.41
GCF_001484705.1	0.18	0.02	0.33	0.26	0.7
GCF_000347635.1	0.18	0.03	0.44	0.7	0.57
GCF_000818095.1	0.18	0.02	0.39	0.33	0.55
GCF_000270165.1	0.18	0.0	0.15	0.08	0.14
GCF_000967915.1	0.18	0.01	0	0.08	0.14
GCF_000226315.1	0.18	0.0	0.1	0.36	0.4
GCF_000014385.1	0.19	0.02	0.08	0.04	0.09
GCF_001430825.1	0.19	0.01	0.39	0.42	0.47
GCF_000026405.1	0.19	0.0	0.09	0.05	0.1
GCF_000225325.1	0.19	0.0	0.05	0.0	0.05
GCF_000027185.1	0.19	0.0	0.12	0.08	0.13
GCF_000009225.2	0.19	0.04	0.34	0.52	0.74
GCF_000963865.1	0.19	0.01	0.28	0.36	0.44
GCF_000247565.1	0.19	0.11	0.18	0.09	0.11
GCF_000230955.2	0.19	0.07	0.34	0.25	0.54
GCF_000209655.1	0.19	0.04	0.32	0.34	0.67
GCF_000092885.1	0.19	0.19	0.55	0.33	0.82
GCF_001277995.1	0.19	0.01	0.42	0.23	0.41
GCF_000635915.2	0.19	0.01	0.07	0.39	0.46
GCF_001482385.1	0.19	0.01	0.39	0.43	0.49
GCF_000194605.1	0.19	0.01	0.2	0.42	0.43
GCF_000020765.1	0.19	0.0	0.01	0.02	0.04
GCF_000191545.1	0.19	0.01	0.1	0.37	0.09
GCF_000018185.1	0.19	0.0	0.07	0.08	0.09
GCF_000184065.1	0.19	0.01	0.32	0.41	0.46
GCF_000006885.1	0.19	0.03	0.05	0.06	0.1
GCF_000014425.1	0.19	0.01	0.08	0.32	0.05
GCF_000248095.2	0.2	0.02	0.11	0.37	0.08
GCF_001308145.2	0.2	0.0	0.08	0.11	0.07
GCF_000164885.1	0.2	0.03	0.37	0.24	0.5
GCF_001663835.1	0.2	0.0	0.06	0.25	0.08
GCF_001444405.1	0.2	0.01	0.39	0.4	0.44
GCF_001518795.1	0.2	0.0	0.05	0.27	0.08
GCF_000190595.1	0.2	0.01	0.33	0.41	0.51
GCF_000953655.1	0.2	0.01	0.22	0.51	0.53
GCF_001294645.1	0.2	0.04	0.43	0.27	0.72
GCF_000023825.1	0.2	0.03	0.39	0.51	0.57
GCF_000087965.2	0.2	0.03	0.27	0.44	0.61
GCF_000011305.1	0.2	0.0	0.4	0.23	0.45
GCF_000764535.1	0.2	0.03	0.26	0.55	0.67
GCF_001598035.1	0.2	0.0	0.01	0.32	0.03
GCF_000009805.1	0.2	0.03	0.31	0.19	0.68
GCF_000213805.1	0.2	0.03	0.27	0.73	0.68
GCF_000092225.1	0.2	0.03	0.38	0.2	0.66
GCF_000479315.1	0.2	0.07	0.02	0.0	0.08
GCF_000221045.1	0.2	0.04	0.44	0.37	0.73
GCF_001042405.1	0.2	0.01	0.07	0.11	0.07
GCF_000008925.1	0.2	0.01	0.12	0.05	0.12
GCF_000250635.1	0.21	0.17	0.21	0.53	0.31
GCF_001442805.1	0.21	0.03	0.33	0.44	0.73
GCF_000008065.1	0.21	0.01	0.08	0.37	0.07
GCF_001456155.1	0.21	0.0	0.11	0.31	0.44
GCF_001278075.1	0.21	0.02	0.33	0.19	0.69
GCF_000092285.1	0.21	0.03	0.36	0.56	0.69
GCF_000007145.1	0.21	0.04	0.34	0.54	0.69
GCF_000230555.1	0.21	0.02	0.34	0.38	0.63
GCF_000007465.2	0.21	0.0	0.1	0.07	0.15
GCF_000241055.1	0.21	0.0	0.08	0.02	0.09
GCF_000246835.1	0.21	0.01	0.09	0.07	0.14
GCF_000014765.1	0.21	0.05	0.33	0.75	0.65
GCF_000192865.1	0.21	0.03	0.23	0.36	0.53
GCF_000014225.1	0.21	0.03	0.42	0.73	0.56
GCF_000015345.1	0.21	0.0	0.0	0.1	0.09
GCF_000463465.1	0.21	0.17	0	0.09	0.07
GCF_000307165.1	0.21	0.02	0	0.06	0.13
GCF_000164675.2	0.22	0.08	0.03	0.08	0.06
GCF_000761135.1	0.22	0.01	0.05	0.29	0.07
GCF_000522545.2	0.22	0.18	0.42	0.45	0.77
GCF_000283515.1	0.22	0.02	0.34	0.7	0.72
GCF_001294625.1	0.22	0.0	0.45	0.26	0.57
GCF_000953135.1	0.22	0.01	0.16	0.62	0.5
GCF_001553685.1	0.22	0.16	0.02	0.02	0.1
GCF_000697965.2	0.22	0.05	0.33	0.79	0.77
GCF_001553915.1	0.22	0.01	0.02	0.0	0.12
GCF_000152925.2	0.22	0.19	0.31	0.32	0.33
GCF_000332115.1	0.22	0.22	0.22	0.31	0.29
GCF_000014445.1	0.22	0.01	0.16	0.12	0.14
GCF_000092505.1	0.22	0.0	0.1	0.05	0.1
GCF_000224085.1	0.23	0.02	0.22	0.5	0.43
GCF_000517605.1	0.23	0.08	0.59	0.6	0.8
GCF_000237995.1	0.23	0.02	0.12	0.03	0.11
GCF_001562215.1	0.23	0.02	0.32	0.93	0.64
GCF_001262075.1	0.23	0.05	0.22	0.48	0.48
GCF_001008165.2	0.23	0.02	0.36	0.59	0.66
GCF_000761215.1	0.23	0.02	0.35	0.26	0.7
GCF_000972745.1	0.23	0.04	0.33	0.54	0.69
GCF_000193595.2	0.24	0.04	0.29	0.33	0.7
GCF_000017285.1	0.24	0.03	0.3	0.21	0.58
GCF_001310255.1	0.24	0.03	0.4	0.54	0.58
GCF_000014405.1	0.24	0.01	0.09	0.37	0.07
GCF_001664085.1	0.24	0.08	0.61	0.36	0.79
GCF_001021935.1	0.24	0.04	0.33	0.43	0.68
GCF_000463505.1	0.24	0.11	0.05	0.13	0.09
GCF_001267925.1	0.24	0.05	0.38	0.65	0.71
GCF_000271325.1	0.24	0.02	0.43	0.33	0.47
GCF_000785535.1	0.25	0.0	0.36	0.24	0.52
GCF_000732905.1	0.25	0.01	0.08	0.29	0.06
GCF_000403645.1	0.25	0.1	0.26	0.25	0.54
GCF_000724605.1	0.25	0.02	0	0.07	0.17
GCF_000018785.1	0.25	0.25	0	0.11	0.08
GCF_000210915.2	0.26	0.09	0.19	0.59	0.43
GCF_000010225.1	0.26	0.0	0.38	0.23	0.48
GCF_000010705.1	0.26	0.0	0.01	0.06	0.05
GCF_000192635.1	0.26	0.03	0.33	0.36	0.71
GCF_000499645.1	0.26	0.05	0.59	0.73	0.8
GCF_000212355.1	0.26	0.12	0.31	0.32	0.35
GCF_000815185.1	0.26	0.04	0.35	0.29	0.67
GCF_000092025.1	0.26	0.03	0.35	0.75	0.71
GCF_000196315.1	0.26	0.27	0.16	0.43	0.26
GCF_000828715.1	0.26	0.02	0.35	0.31	0.37
GCF_000014205.1	0.26	0.04	0.0	0.04	0.12
GCF_000009145.1	0.27	0.02	0.27	0.71	0.62
GCF_001444425.1	0.27	0.02	0.38	0.41	0.49
GCF_000317305.3	0.27	0.02	0.44	0.21	0.73
GCF_000009545.1	0.27	0.11	0	0.0	0.06
GCF_000214215.1	0.27	0.03	0.41	0.18	0.56
GCF_000006785.2	0.27	0.01	0.03	0.02	0.03
GCF_001543105.1	0.27	0.0	0.04	0.0	0.03
GCF_000016285.1	0.27	0.03	0.37	0.35	0.71
GCF_000253155.1	0.28	0.0	0.05	0.07	0.1
GCF_000023925.1	0.28	0.12	0.18	0.23	0.39
GCF_000011985.1	0.28	0.02	0.16	0.09	0.07
GCF_000016265.1	0.28	0.06	0.37	0.47	0.72
GCF_000284415.1	0.28	0.12	0.54	0.51	0.62
GCF_000172635.2	0.28	0.05	0.36	0.41	0.5
GCF_000385925.1	0.28	0.14	0	0.02	0.1
GCF_000007385.1	0.28	0.04	0.3	0.45	0.64
GCF_000189535.1	0.28	0.03	0.31	0.22	0.59
GCF_000007165.1	0.29	0.04	0.36	0.54	0.68
GCF_000187935.1	0.29	0.08	0.01	0.1	0.09
GCF_000144605.1	0.29	0.1	0.56	0.45	0.66
GCF_000007265.1	0.29	0.0	0.04	0.1	0.06
GCF_001414055.1	0.29	0.03	0.46	0.55	0.69
GCF_000020265.1	0.3	0.05	0.61	0.4	0.82
GCF_000520875.1	0.3	0.04	0.58	0.59	0.81
GCF_000747315.1	0.3	0.14	0.42	0.28	0.39
GCF_000463395.1	0.3	0.13	0	0.02	0.06
GCF_001275345.1	0.3	0.0	0.32	0.19	0.5
GCF_000026085.1	0.3	0.02	0.32	0.55	0.48
GCF_000211375.1	0.3	0.11	0.03	0.23	0.09
GCF_000400635.2	0.31	0.03	0.33	0.26	0.72
GCF_000021345.1	0.31	0.05	0.6	0.74	0.83
GCF_000215105.1	0.31	0.02	0.3	0.24	0.61
GCF_001280205.1	0.31	0.0	0.28	0.24	0.48
GCF_000831645.3	0.31	0.04	0	0.0	0.11
GCF_000265385.1	0.31	0.13	0.22	0.37	0.3
GCF_000211855.2	0.32	0.03	0.24	0.3	0.33
GCF_001302565.1	0.32	0.02	0.34	0.26	0.56
GCF_000143705.1	0.32	0.18	0.31	0.56	0.36
GCF_000023465.1	0.32	0.04	0.4	0.5	0.45
GCF_000019905.1	0.33	0.1	0.24	0.42	0.34
GCF_000299435.1	0.33	0.1	0.24	0.34	0.34
GCF_000496635.1	0.33	0.1	0.24	0.33	0.34
GCF_000699505.1	0.33	0.01	0.32	0.29	0.33
GCF_000233915.3	0.33	0.02	0.3	0.9	0.65
GCF_000755585.2	0.33	0.0	0.33	0.22	0.55
GCF_000024925.1	0.34	0.02	0.35	0.24	0.55
GCF_000060345.1	0.34	0.03	0.39	0.48	0.44
GCF_001543265.1	0.34	0.03	0.36	0.61	0.65
GCF_000193205.1	0.34	0.07	0.01	0.24	0.1
GCF_001543175.1	0.34	0.07	0.01	0.24	0.1
GCF_001028625.1	0.34	0.01	0.27	0.41	0.58
GCF_000014465.1	0.34	0.03	0	0.44	0.08
GCF_001266755.1	0.34	0.03	0.35	0.23	0.5
GCF_000092785.1	0.34	0.32	0.11	0.38	0.34
GCF_000215645.1	0.35	0.16	0.32	0.59	0.37
GCF_000092825.1	0.35	0.02	0.46	0.21	0.53
GCF_000202635.1	0.35	0.02	0.37	0.23	0.53
GCF_000014925.1	0.36	0.01	0.33	0.25	0.59
GCF_001542565.1	0.36	0.01	0.33	0.24	0.59
GCF_001304795.1	0.36	0.08	0.6	0.59	0.69
GCF_000831485.1	0.36	0.15	0	0.08	0.06
GCF_000344785.1	0.36	0.01	0.41	0.23	0.38
GCF_001281315.1	0.37	0.0	0.39	0.25	0.58
GCF_001652465.1	0.37	0.08	0.25	0.24	0.44
GCF_001483965.1	0.37	0.19	0.06	0.4	0.09
GCF_000007665.1	0.38	0.26	0.21	0.38	0.33
GCF_000017565.1	0.38	0.02	0.38	0.54	0.65
GCF_000418365.1	0.39	0.01	0.35	0.21	0.42
GCF_000950575.1	0.39	0.0	0.39	0.22	0.5
GCF_000026685.1	0.39	0.01	0.31	0.29	0.34
GCF_001543285.1	0.39	0.03	0.04	0.02	0.11
GCF_000179395.2	0.39	0.0	0.3	0.22	0.5
GCF_000023145.1	0.4	0.11	0.27	0.28	0.36
GCF_000875675.1	0.4	0.04	0.28	0.22	0.33
GCF_000829395.1	0.41	0.09	0.04	0.02	0.13
GCF_001314225.1	0.42	0.08	0.36	0.23	0.53
GCF_000525655.1	0.42	0.01	0.34	0.32	0.43
GCF_000022025.1	0.43	0.01	0.33	0.23	0.59
GCF_000195575.1	0.44	0.16	0.0	0.1	0.07
GCF_000725365.1	0.44	0.01	0.26	0.19	0.34
GCF_000470775.1	0.44	0.28	0.22	0.38	0.34
GCF_000006605.1	0.44	0.01	0.35	0.22	0.37
GCF_001484605.1	0.44	0.02	0.34	0.24	0.56
GCF_000018885.1	0.45	0.09	0.36	0.24	0.45
GCF_000590555.1	0.46	0.32	0.25	0.24	0.32
GCF_000819445.1	0.47	0.18	0.29	0.31	0.38
GCF_000355695.1	0.48	0.21	0.29	0.22	0.43
GCF_000958465.1	0.48	0.18	0.21	0.22	0.4
GCF_000069225.1	0.48	0.17	0.21	0.24	0.4
GCF_001558975.1	0.48	0.22	0.31	0.24	0.38
GCF_000177535.2	0.48	0.09	0.39	0.25	0.4
GCF_001647635.1	0.51	0.12	0.23	0.25	0.37
GCF_000626675.1	0.51	0.01	0.33	0.21	0.46
GCF_000063485.1	0.54	0.08	0.27	0.22	0.43
GCF_000023205.1	0.55	0.01	0.34	0.24	0.45
