    real	30	60	100	150	200	250	300
PF00137	1	1	1	1	1	1	1	1
PF00253	1	1	1	1	1	1	1	1
PF00327	1	1	1	1	1	1	1	1
PF00334	1	1	1	1	1	1	1	1
PF00670	1	1	1	1	1	1	1	1
PF00679	1	1	1	1	1	1	1	1
PF00709	1	1	1	1	1	1	1	1
PF00736	1	1	1	1	1	1	1	1
PF00749	1	1	1	1	1	1	1	1
PF00752	1	1	1	1	1	1	1	1
PF00827	1	1	1	1	1	1	1	1
PF00832	1	1	1	1	1	1	1	1
PF00833	1	1	1	1	1	1	1	1
PF00867	1	1	1	1	1	1	1	1
PF00900	1	1	1	1	1	1	1	1
PF00919	1	1	1	1	1	1	1	1
PF00935	1	1	1	1	1	1	1	1
PF01015	1	1	1	1	1	1	1	1
PF01035	1	1	1	1	1	1	1	1
PF01090	1	1	1	1	1	1	1	1
PF01092	1	1	1	1	1	1	1	1
PF01139	1	1	1	1	1	1	1	1
PF01157	1	1	1	1	1	1	1	1
PF01172	1	1	1	1	1	1	1	1
PF01174	1	1	1	1	1	1	1	1
PF01180	1	1	1	1	1	1	1	1
PF01192	1	1	1	1	1	1	1	1
PF01194	1	1	1	1	1	1	1	1
PF01198	1	1	1	1	1	1	1	1
PF01200	1	1	1	1	1	1	1	1
PF01201	1	1	1	1	1	1	1	1
PF01246	1	1	1	1	1	1	1	1
PF01253	1	1	1	1	1	1	1	1
PF01269	1	1	1	1	1	1	1	1
PF01280	1	1	1	1	1	1	1	1
PF01282	1	1	1	1	1	1	1	1
PF01287	1	1	1	1	1	1	1	1
PF01351	1	1	1	1	1	1	1	1
PF01496	1	1	1	1	1	1	1	1
PF01599	1	1	1	1	1	1	1	1
PF01655	1	1	1	1	1	1	1	1
PF01667	1	1	1	1	1	1	1	1
PF01725	1	1	1	1	1	1	1	1
PF01780	1	1	1	1	1	1	1	1
PF01798	1	1	1	1	1	1	1	1
PF01813	1	1	1	1	1	1	1	1
PF01849	1	1	1	1	1	1	1	1
PF01864	1	1	1	1	1	1	1	1
PF01866	1	1	1	1	1	1	1	1
PF01884	1	1	1	1	1	1	1	1
PF01896	1	1	1	1	1	1	1	1
PF01907	1	1	1	1	1	1	1	1
PF01912	1	1	1	1	1	1	1	1
PF01922	1	1	1	1	1	1	1	1
PF01941	1	1	1	1	1	1	1	1
PF01948	1	1	1	1	1	1	1	1
PF01949	1	1	1	1	1	1	1	1
PF01951	1	1	1	1	1	1	1	1
PF01967	1	1	1	1	1	1	1	1
PF01973	1	1	1	1	1	1	1	1
PF01981	1	1	1	1	1	1	1	1
PF01982	1	1	1	1	1	1	1	1
PF01984	1	1	1	1	1	1	1	1
PF01990	1	1	1	1	1	1	1	1
PF01991	1	1	1	1	1	1	1	1
PF02005	1	1	1	1	1	1	1	1
PF02006	1	1	1	1	1	1	1	1
PF02748	1	1	1	1	1	1	1	1
PF02834	1	1	1	1	1	1	1	1
PF02996	1	1	1	1	1	1	1	1
PF03439	1	1	1	1	1	1	1	1
PF03764	1	1	1	1	1	1	1	1
PF03853	1	1	1	1	1	1	1	1
PF03874	1	1	1	1	1	1	1	1
PF03876	1	1	1	1	1	1	1	1
PF03911	1	1	1	1	1	1	1	1
PF03950	1	1	1	1	1	1	1	1
PF04010	1	1	1	1	1	1	1	1
PF04019	1	1	1	1	1	1	1	1
PF04104	1	1	1	1	1	1	1	1
PF04127	1	1	1	1	1	1	1	1
PF04406	1	1	1	1	1	1	1	1
PF04919	1	1	1	1	1	1	1	1
PF05221	1	1	1	1	1	1	1	1
PF05670	1	1	1	1	1	1	1	1
PF05746	1	1	1	1	1	1	1	1
PF06026	1	1	1	1	1	1	1	1
PF06093	1	1	1	1	1	1	1	1
PF06463	1	1	1	1	1	1	1	1
PF07541	1	1	1	1	1	1	1	1
PF08068	1	1	1	1	1	1	1	1
PF08069	1	1	1	1	1	1	1	1
PF08071	1	1	1	1	1	1	1	1
PF08608	1	1	1	1	1	1	1	1
PF08704	1	1	1	1	1	1	1	1
PF09173	1	1	1	1	1	1	1	1
PF09239	1	1	1	1	1	1	1	1
PF09377	1	1	1	1	1	1	1	1
PF00035	1	1	1	1	1	1	1	1
PF00154	1	1	1	1	1	1	1	1
PF00163	1	1	1	1	1	1	1	1
PF00338	1	1	1	1	1	1	1	1
PF00453	1	1	1	1	1	1	1	1
PF00542	1	1	1	1	1	1	1	1
PF00584	1	1	1	1	1	1	1	1
PF00627	1	1	1	1	1	1	1	1
PF00707	1	1	1	1	1	1	1	1
PF00712	1	1	1	1	1	1	1	1
PF00763	1	1	1	1	1	1	1	1
PF00825	1	1	1	1	1	1	1	1
PF00828	1	1	1	1	1	1	1	1
PF00829	1	1	1	1	1	1	1	1
PF00830	1	1	1	1	1	1	1	1
PF00886	1	1	1	1	1	1	1	1
PF00889	1	1	1	1	1	1	1	1
PF01016	1	1	1	1	1	1	1	1
PF01018	1	1	1	1	1	1	1	1
PF01025	1	1	1	1	1	1	1	1
PF01084	1	1	1	1	1	1	1	1
PF01121	1	1	1	1	1	1	1	1
PF01176	1	1	1	1	1	1	1	1
PF01193	1	1	1	1	1	1	1	1
PF01195	1	1	1	1	1	1	1	1
PF01196	1	1	1	1	1	1	1	1
PF01245	1	1	1	1	1	1	1	1
PF01250	1	1	1	1	1	1	1	1
PF01252	1	1	1	1	1	1	1	1
PF01281	1	1	1	1	1	1	1	1
PF01330	1	1	1	1	1	1	1	1
PF01409	1	1	1	1	1	1	1	1
PF01416	1	1	1	1	1	1	1	1
PF01632	1	1	1	1	1	1	1	1
PF01649	1	1	1	1	1	1	1	1
PF01668	1	1	1	1	1	1	1	1
PF01687	1	1	1	1	1	1	1	1
PF01715	1	1	1	1	1	1	1	1
PF01746	1	1	1	1	1	1	1	1
PF01765	1	1	1	1	1	1	1	1
PF01782	1	1	1	1	1	1	1	1
PF01783	1	1	1	1	1	1	1	1
PF01795	1	1	1	1	1	1	1	1
PF02033	1	1	1	1	1	1	1	1
PF02130	1	1	1	1	1	1	1	1
PF02132	1	1	1	1	1	1	1	1
PF02224	1	1	1	1	1	1	1	1
PF02367	1	1	1	1	1	1	1	1
PF02403	1	1	1	1	1	1	1	1
PF02410	1	1	1	1	1	1	1	1
PF02527	1	1	1	1	1	1	1	1
PF02767	1	1	1	1	1	1	1	1
PF02768	1	1	1	1	1	1	1	1
PF02772	1	1	1	1	1	1	1	1
PF02773	1	1	1	1	1	1	1	1
PF02873	1	1	1	1	1	1	1	1
PF02882	1	1	1	1	1	1	1	1
PF02912	1	1	1	1	1	1	1	1
PF03118	1	1	1	1	1	1	1	1
PF03147	1	1	1	1	1	1	1	1
PF03461	1	1	1	1	1	1	1	1
PF03485	1	1	1	1	1	1	1	1
PF03602	1	1	1	1	1	1	1	1
PF03652	1	1	1	1	1	1	1	1
PF03726	1	1	1	1	1	1	1	1
PF03772	1	1	1	1	1	1	1	1
PF03840	1	1	1	1	1	1	1	1
PF03948	1	1	1	1	1	1	1	1
PF03952	1	1	1	1	1	1	1	1
PF04760	1	1	1	1	1	1	1	1
PF04998	1	1	1	1	1	1	1	1
PF05198	1	1	1	1	1	1	1	1
PF05491	1	1	1	1	1	1	1	1
PF05697	1	1	1	1	1	1	1	1
PF05698	1	1	1	1	1	1	1	1
PF06071	1	1	1	1	1	1	1	1
PF06421	1	1	1	1	1	1	1	1
PF06574	1	1	1	1	1	1	1	1
PF06689	1	1	1	1	1	1	1	1
PF07499	1	1	1	1	1	1	1	1
PF08275	1	1	1	1	1	1	1	1
PF08459	1	1	1	1	1	1	1	1
PF08529	1	1	1	1	1	1	1	1
PF10385	1	1	1	1	1	1	1	1
PF10458	1	1	1	1	1	1	1	1
PF12344	1	1	1	1	1	1	1	1
PF00113	1	1	1	1	1	1	1	1
PF00121	1	1	1	1	1	1	1	1
PF00162	1	1	1	1	1	1	1	1
PF00164	1	1	1	1	1	1	1	1
PF00177	1	1	1	1	1	1	1	1
PF00181	1	1	1	1	1	1	1	1
PF00189	1	1	1	1	1	1	1	1
PF00203	1	1	1	1	1	1	1	1
PF00237	1	1	1	1	1	1	1	1
PF00238	1	1	1	1	1	1	1	1
PF00252	1	1	1	1	1	1	1	1
PF00276	1	1	1	1	1	1	1	1
PF00281	1	1	1	1	1	1	1	1
PF00297	1	1	1	1	1	1	1	1
PF00298	1	1	1	1	1	1	1	1
PF00312	1	1	1	1	1	1	1	1
PF00318	1	1	1	1	1	1	1	1
PF00333	1	1	1	1	1	1	1	1
PF00344	1	1	1	1	1	1	1	1
PF00347	1	1	1	1	1	1	1	1
PF00366	1	1	1	1	1	1	1	1
PF00368	1	1	1	1	1	1	1	1
PF00380	1	1	1	1	1	1	1	1
PF00410	1	1	1	1	1	1	1	1
PF00411	1	1	1	1	1	1	1	1
PF00416	1	1	1	1	1	1	1	1
PF00466	1	1	1	1	1	1	1	1
PF00562	1	1	1	1	1	1	1	1
PF00572	1	1	1	1	1	1	1	1
PF00573	1	1	1	1	1	1	1	1
PF00623	1	1	1	1	1	1	1	1
PF00673	1	1	1	1	1	1	1	1
PF00687	1	1	1	1	1	1	1	1
PF00750	1	1	1	1	1	1	1	1
PF00831	1	1	1	1	1	1	1	1
PF00861	1	1	1	1	1	1	1	1
PF00958	1	1	1	1	1	1	1	1
PF01000	1	1	1	1	1	1	1	1
PF01509	1	1	1	1	1	1	1	1
PF02938	1	1	1	1	1	1	1	1
PF02978	1	1	1	1	1	1	1	1
PF03484	1	1	1	1	1	1	1	1
PF03719	1	1	1	1	1	1	1	1
PF03946	1	1	1	1	1	1	1	1
PF03947	1	1	1	1	1	1	1	1
PF04560	1	1	1	1	1	1	1	1
PF04561	1	1	1	1	1	1	1	1
PF04563	1	1	1	1	1	1	1	1
PF04565	1	1	1	1	1	1	1	1
PF04983	1	1	1	1	1	1	1	1
PF04997	1	1	1	1	1	1	1	1
PF05000	1	1	1	1	1	1	1	1
PF06418	1	1	1	1	1	1	1	1
PF11987	1	1	1	1	1	1	1	1
PF01868	1	1	1	1	1	1	1	1
PF01191	1	1	1	1	1	1	1	1
PF04135	1	1	1	1	1	1	1	1
PF04414	1	1	1	1	1	1	1	1
PF04981	1	1	1	1	1	1	1	1
PF09249	1	1	1	1	1	1	1	1
